{
"lowlevel": {
    "average_loudness": 0.960701465607,
    "barkbands_crest": {
        "dmean": 2.4699985981,
        "dmean2": 4.08937740326,
        "dvar": 5.11543989182,
        "dvar2": 13.6246738434,
        "max": 25.1906356812,
        "mean": 9.77873420715,
        "median": 9.26284885406,
        "min": 2.70818376541,
        "var": 8.78947544098
    },
    "barkbands_flatness_db": {
        "dmean": 0.0282183792442,
        "dmean2": 0.0447703376412,
        "dvar": 0.000575255136937,
        "dvar2": 0.00145478337072,
        "max": 0.335318952799,
        "mean": 0.182971745729,
        "median": 0.180475234985,
        "min": 0.0547751300037,
        "var": 0.00154777104035
    },
    "barkbands_kurtosis": {
        "dmean": 3.98870682716,
        "dmean2": 6.30118703842,
        "dvar": 23.9184417725,
        "dvar2": 55.4187088013,
        "max": 55.9131126404,
        "mean": 5.32812213898,
        "median": 3.50893068314,
        "min": -1.56142413616,
        "var": 40.1042518616
    },
    "barkbands_skewness": {
        "dmean": 0.687320113182,
        "dmean2": 1.04835653305,
        "dvar": 0.426366239786,
        "dvar2": 1.00507354736,
        "max": 6.30121135712,
        "mean": 2.27446985245,
        "median": 2.16270637512,
        "min": 0.0178249105811,
        "var": 0.953787565231
    },
    "barkbands_spread": {
        "dmean": 7.54564189911,
        "dmean2": 11.2953824997,
        "dvar": 50.0207633972,
        "dvar2": 109.084938049,
        "max": 65.9565353394,
        "mean": 25.5605716705,
        "median": 23.9764289856,
        "min": 2.61107778549,
        "var": 136.437667847
    },
    "dissonance": {
        "dmean": 0.00557563686743,
        "dmean2": 0.00928377639502,
        "dvar": 0.000190248538274,
        "dvar2": 0.000207042015973,
        "max": 0.499999910593,
        "mean": 0.488590240479,
        "median": 0.489481657743,
        "min": 0,
        "var": 0.000213274906855
    },
    "dynamic_complexity": 2.91890144348,
    "erbbands_crest": {
        "dmean": 1.24553000927,
        "dmean2": 2.07483148575,
        "dvar": 1.70926213264,
        "dvar2": 3.89595007896,
        "max": 19.0107822418,
        "mean": 5.20732212067,
        "median": 4.78116846085,
        "min": 2.62623381615,
        "var": 2.84628725052
    },
    "erbbands_flatness_db": {
        "dmean": 0.0107410317287,
        "dmean2": 0.0159545578063,
        "dvar": 9.97273309622e-05,
        "dvar2": 0.000210514088394,
        "max": 0.222263157368,
        "mean": 0.166019678116,
        "median": 0.164555281401,
        "min": 0.087259888649,
        "var": 0.000353019247996
    },
    "erbbands_kurtosis": {
        "dmean": 0.554477393627,
        "dmean2": 0.889035463333,
        "dvar": 0.38731098175,
        "dvar2": 0.948629379272,
        "max": 3.26673030853,
        "mean": -0.791183710098,
        "median": -1.00507569313,
        "min": -1.81368434429,
        "var": 0.634844303131
    },
    "erbbands_skewness": {
        "dmean": 0.309403389692,
        "dmean2": 0.464475750923,
        "dvar": 0.0808185264468,
        "dvar2": 0.165049016476,
        "max": 1.49285364151,
        "mean": -0.530297160149,
        "median": -0.57093334198,
        "min": -1.75255358219,
        "var": 0.209044203162
    },
    "erbbands_spread": {
        "dmean": 11.0828971863,
        "dmean2": 17.7401752472,
        "dvar": 122.699172974,
        "dvar2": 307.311981201,
        "max": 110.880813599,
        "mean": 64.8641433716,
        "median": 65.826789856,
        "min": 27.1487045288,
        "var": 199.490524292
    },
    "hfc": {
        "dmean": 6.64296913147,
        "dmean2": 10.4680833817,
        "dvar": 124.812774658,
        "dvar2": 300.938812256,
        "max": 156.764953613,
        "mean": 23.5902233124,
        "median": 21.1960792542,
        "min": 1.44998157925e-09,
        "var": 294.197509766
    },
    "melbands_crest": {
        "dmean": 3.18205428123,
        "dmean2": 5.18471479416,
        "dvar": 7.44545221329,
        "dvar2": 19.4058094025,
        "max": 34.4460067749,
        "mean": 15.5386962891,
        "median": 15.1029844284,
        "min": 3.27844786644,
        "var": 15.6484060287
    },
    "melbands_flatness_db": {
        "dmean": 0.0310844052583,
        "dmean2": 0.0461390502751,
        "dvar": 0.000801898131613,
        "dvar2": 0.00180688349064,
        "max": 0.383939474821,
        "mean": 0.217034131289,
        "median": 0.2159050107,
        "min": 0.0798995941877,
        "var": 0.00260413251817
    },
    "melbands_kurtosis": {
        "dmean": 15.1288137436,
        "dmean2": 24.1576385498,
        "dvar": 320.677642822,
        "dvar2": 809.398681641,
        "max": 158.227142334,
        "mean": 29.0276088715,
        "median": 23.1206569672,
        "min": 0.298538208008,
        "var": 484.242523193
    },
    "melbands_skewness": {
        "dmean": 1.14739954472,
        "dmean2": 1.78564286232,
        "dvar": 1.27427327633,
        "dvar2": 3.23664808273,
        "max": 10.2442064285,
        "mean": 4.74395608902,
        "median": 4.54189062119,
        "min": 1.17441809177,
        "var": 2.39433264732
    },
    "melbands_spread": {
        "dmean": 7.11767673492,
        "dmean2": 10.9193754196,
        "dvar": 58.4893569946,
        "dvar2": 136.824630737,
        "max": 67.9805908203,
        "mean": 17.7308444977,
        "median": 15.2359294891,
        "min": 1.67085027695,
        "var": 113.43939209
    },
    "pitch_salience": {
        "dmean": 0.0806144624949,
        "dmean2": 0.131936252117,
        "dvar": 0.00546587491408,
        "dvar2": 0.014614011161,
        "max": 0.966308712959,
        "mean": 0.62340927124,
        "median": 0.6374117136,
        "min": 0.112670823932,
        "var": 0.00898720696568
    },
    "silence_rate_20dB": {
        "dmean": 0,
        "dmean2": 0,
        "dvar": 0,
        "dvar2": 0,
        "max": 1,
        "mean": 1,
        "median": 1,
        "min": 1,
        "var": 0
    },
    "silence_rate_30dB": {
        "dmean": 0.0247295200825,
        "dmean2": 0.0494972914457,
        "dvar": 0.0241182018071,
        "dvar2": 0.0625146254897,
        "max": 1,
        "mean": 0.983011603355,
        "median": 1,
        "min": 0,
        "var": 0.0166996791959
    },
    "silence_rate_60dB": {
        "dmean": 0.00772797549143,
        "dmean2": 0.0154679045081,
        "dvar": 0.00766815757379,
        "dvar2": 0.0183223094791,
        "max": 1,
        "mean": 0.0803088769317,
        "median": 0,
        "min": 0,
        "var": 0.0738604515791
    },
    "spectral_centroid": {
        "dmean": 342.442840576,
        "dmean2": 497.105285645,
        "dvar": 136130.46875,
        "dvar2": 205162.078125,
        "max": 11559.8691406,
        "mean": 1652.48474121,
        "median": 1643.87817383,
        "min": 320.667053223,
        "var": 348177.71875
    },
    "spectral_complexity": {
        "dmean": 5.26429653168,
        "dmean2": 7.59628772736,
        "dvar": 24.0119972229,
        "dvar2": 46.2129669189,
        "max": 60,
        "mean": 30.4965248108,
        "median": 34,
        "min": 0,
        "var": 213.732437134
    },
    "spectral_decrease": {
        "dmean": 3.95158084032e-09,
        "dmean2": 6.73208111479e-09,
        "dvar": 3.37035203806e-17,
        "dvar2": 9.46926255876e-17,
        "max": -1.79866236598e-19,
        "mean": -1.09796935988e-08,
        "median": -1.06827444668e-08,
        "min": -5.82978962882e-08,
        "var": 5.09807359559e-17
    },
    "spectral_energy": {
        "dmean": 0.0152262737975,
        "dmean2": 0.0259489454329,
        "dvar": 0.000502401962876,
        "dvar2": 0.00141252949834,
        "max": 0.22516644001,
        "mean": 0.0435796044767,
        "median": 0.0427589677274,
        "min": 8.1037471655e-13,
        "var": 0.000778518384323
    },
    "spectral_energyband_high": {
        "dmean": 0.000630944734439,
        "dmean2": 0.000984172220342,
        "dvar": 1.14857255085e-06,
        "dvar2": 2.68765279543e-06,
        "max": 0.0111727509648,
        "mean": 0.00141628377605,
        "median": 0.00094284734223,
        "min": 8.69769886539e-14,
        "var": 2.40942017626e-06
    },
    "spectral_energyband_low": {
        "dmean": 0.013661948964,
        "dmean2": 0.0234254803509,
        "dvar": 0.000417873554397,
        "dvar2": 0.00117053720169,
        "max": 0.19551897049,
        "mean": 0.0269333086908,
        "median": 0.0237509980798,
        "min": 8.69545795502e-14,
        "var": 0.000493130646646
    },
    "spectral_energyband_middle_high": {
        "dmean": 0.00125238276087,
        "dmean2": 0.00192579079885,
        "dvar": 4.04805177823e-06,
        "dvar2": 9.7689762697e-06,
        "max": 0.0331816412508,
        "mean": 0.00417171278968,
        "median": 0.00393824232742,
        "min": 3.47652299743e-13,
        "var": 8.9132499852e-06
    },
    "spectral_energyband_middle_low": {
        "dmean": 0.00647806329653,
        "dmean2": 0.0100878495723,
        "dvar": 6.16073739366e-05,
        "dvar2": 0.00014759892656,
        "max": 0.0854676812887,
        "mean": 0.0173586737365,
        "median": 0.0153493536636,
        "min": 2.96481453754e-13,
        "var": 0.000160823590704
    },
    "spectral_entropy": {
        "dmean": 0.114240989089,
        "dmean2": 0.162278950214,
        "dvar": 0.0151367140934,
        "dvar2": 0.0279013272375,
        "max": 9.78562736511,
        "mean": 7.73982620239,
        "median": 7.75839138031,
        "min": 6.73739528656,
        "var": 0.0474003404379
    },
    "spectral_flux": {
        "dmean": 0.0271839462221,
        "dmean2": 0.042681645602,
        "dvar": 0.00115494744387,
        "dvar2": 0.00239393138327,
        "max": 0.36700758338,
        "mean": 0.0996151268482,
        "median": 0.0917052179575,
        "min": 0.000114413523988,
        "var": 0.0029656032566
    },
    "spectral_kurtosis": {
        "dmean": 1.31751513481,
        "dmean2": 2.36099338531,
        "dvar": 1.46546292305,
        "dvar2": 4.4580745697,
        "max": 10.8812589645,
        "mean": 1.46258187294,
        "median": 1.25569820404,
        "min": -1.24044656754,
        "var": 1.65972805023
    },
    "spectral_rms": {
        "dmean": 0.00102695613168,
        "dmean2": 0.00172456877772,
        "dvar": 1.5529525399e-06,
        "dvar2": 4.33973718827e-06,
        "max": 0.0148214232177,
        "mean": 0.00609082821757,
        "median": 0.00645879749209,
        "min": 2.81177783279e-08,
        "var": 5.41853796676e-06
    },
    "spectral_rolloff": {
        "dmean": 602.414306641,
        "dmean2": 992.409118652,
        "dvar": 564815.875,
        "dvar2": 1162431.875,
        "max": 5038.76953125,
        "mean": 1016.03424072,
        "median": 409.130859375,
        "min": 21.533203125,
        "var": 1019452
    },
    "spectral_skewness": {
        "dmean": 0.188184529543,
        "dmean2": 0.321944475174,
        "dvar": 0.0263316500932,
        "dvar2": 0.0726234912872,
        "max": 2.21541047096,
        "mean": 0.604142487049,
        "median": 0.593228876591,
        "min": -0.059709366411,
        "var": 0.0473939701915
    },
    "spectral_spread": {
        "dmean": 372747.1875,
        "dmean2": 546734.4375,
        "dvar": 1.0388888617e+12,
        "dvar2": 913409769472,
        "max": 40951852,
        "mean": 3638440.5,
        "median": 3523340,
        "min": 2465786,
        "var": 1.54621365453e+12
    },
    "spectral_strongpeak": {
        "dmean": 0.238784790039,
        "dmean2": 0.398502022028,
        "dvar": 0.075221285224,
        "dvar2": 0.198815882206,
        "max": 3.23035788536,
        "mean": 0.453126549721,
        "median": 0.35126376152,
        "min": 0,
        "var": 0.128403007984
    },
    "zerocrossingrate": {
        "dmean": 0.00975279510021,
        "dmean2": 0.0112599246204,
        "dvar": 0.000231295314734,
        "dvar2": 0.000284914363874,
        "max": 0.5,
        "mean": 0.0515334680676,
        "median": 0.04833984375,
        "min": 0,
        "var": 0.000510137644596
    },
    "barkbands": {
        "dmean": [0.000510182115249, 0.00739033194259, 0.00656219106168, 0.00490517588332, 0.00277735269628, 0.000973931862973, 0.000362111342838, 0.000222195216338, 0.000184000862646, 0.000108763670141, 9.90466141957e-05, 0.000117677911476, 0.000120637247164, 0.000151754386025, 0.000169752747752, 0.000284528767224, 0.000352291215677, 0.000317333644489, 0.000305765599478, 0.000233439408476, 0.000253800826613, 0.00019062528736, 0.000112721056212, 7.05134225427e-05, 1.22673664009e-05, 1.4220894462e-09, 1.49791268278e-09],
        "dmean2": [0.00086681288667, 0.012720996514, 0.0113025195897, 0.0075666969642, 0.00454215332866, 0.00157490337733, 0.000622692459729, 0.00038349677925, 0.000300161307678, 0.00018840325356, 0.000164420038345, 0.000197101835511, 0.000206312033697, 0.000255412334809, 0.000279769243207, 0.000460823619505, 0.000580805062782, 0.00051423930563, 0.000502394977957, 0.000364655948943, 0.000408076710301, 0.000308818678604, 0.000182460556971, 0.000104583865323, 1.92303159565e-05, 2.63106780807e-09, 2.77222600431e-09],
        "dvar": [9.92524860521e-07, 0.000154147826834, 9.49008608586e-05, 4.16483526351e-05, 1.12554007501e-05, 2.42071973844e-06, 5.4210528333e-07, 4.88983232572e-07, 7.71069679217e-08, 4.84451483374e-08, 1.47050265298e-08, 2.62209152169e-08, 6.83631355969e-08, 6.48296492045e-08, 5.60628272694e-08, 9.97832785288e-08, 2.43415939849e-07, 2.40783407435e-07, 1.51817715732e-07, 9.09473243382e-08, 1.3735485993e-07, 1.55776106681e-07, 4.87709748143e-08, 2.66535948867e-08, 1.08785602748e-09, 3.3778712339e-18, 3.68164524885e-18],
        "dvar2": [2.54287965618e-06, 0.000426660728408, 0.000271674478427, 9.08699003048e-05, 2.96194320981e-05, 6.62810771246e-06, 1.57198701345e-06, 1.42357885125e-06, 2.05661706332e-07, 1.32585341817e-07, 3.89271228585e-08, 7.25258999523e-08, 1.87940131013e-07, 1.778528258e-07, 1.44383264455e-07, 2.57030194462e-07, 6.86126895744e-07, 6.55065889532e-07, 3.86282096088e-07, 2.01285331514e-07, 3.50704453922e-07, 4.03260145276e-07, 1.15804212442e-07, 5.57529560297e-08, 2.59774712852e-09, 1.05005301351e-17, 1.14026318045e-17],
        "max": [0.0181907601655, 0.100621297956, 0.102163776755, 0.0775828659534, 0.0366581641138, 0.0236840322614, 0.00876679457724, 0.0106053976342, 0.00451021036133, 0.00281139835715, 0.00120177050121, 0.00174857187085, 0.00349329505116, 0.00337862875313, 0.0031220910605, 0.00260791159235, 0.00782987475395, 0.00860141403973, 0.00523863965645, 0.00382110383362, 0.00513806426898, 0.00530733820051, 0.00241512758657, 0.00240405625664, 0.000440037285443, 1.51726755604e-08, 1.52682684273e-08],
        "mean": [0.000620510429144, 0.0109323998913, 0.00912609696388, 0.00893743149936, 0.00546040665358, 0.00182023760863, 0.000521477428265, 0.00027566117933, 0.000291049916996, 0.000150622348883, 0.000157532384037, 0.000185587108717, 0.000175459223101, 0.000243105532718, 0.000309002090944, 0.000575073703658, 0.000758204841986, 0.000679263903294, 0.000680367986206, 0.000559141626582, 0.000542831839994, 0.000291899428703, 0.000156975685968, 0.000113919675641, 1.54080062202e-05, 1.10154763089e-09, 1.15494813713e-09],
        "median": [0.000325607950799, 0.00810825452209, 0.00634549511597, 0.00603385036811, 0.00434044143185, 0.00130525173154, 0.000330821669195, 0.000142549921293, 0.000209257545066, 9.60197285167e-05, 0.000113583715574, 0.000138997958857, 0.000116864757729, 0.000167070422322, 0.000237148953602, 0.000491332437377, 0.000674524751958, 0.000579395797104, 0.000589608913288, 0.000464200827992, 0.000438422401203, 0.000142100368976, 3.05786634271e-05, 3.19619466609e-05, 3.9109681893e-06, 3.97369720462e-10, 4.15422168887e-10],
        "min": [2.50840743576e-14, 3.74552141689e-14, 2.47158420303e-14, 2.44005052166e-14, 5.90216149066e-14, 5.51504134515e-14, 5.01561919981e-14, 4.43050611931e-14, 5.12073564975e-14, 3.82512963903e-14, 2.60323971987e-14, 1.84292837745e-14, 6.85668003901e-15, 6.98254574684e-16, 4.48343009311e-15, 2.16166755313e-14, 4.70079704329e-14, 7.33677509479e-14, 8.12745053549e-14, 6.72119627207e-14, 3.95378547339e-14, 5.18320000974e-15, 9.32784339373e-16, 3.92632890041e-15, 3.27463170343e-15, 3.72948765495e-16, 2.71182071456e-16],
        "var": [1.14995089007e-06, 0.000152416381752, 9.82222845778e-05, 9.48586675804e-05, 2.27814252867e-05, 3.49760921381e-06, 4.87660258841e-07, 3.57781004823e-07, 9.76174590051e-08, 4.75103121289e-08, 2.44040077035e-08, 3.40264101339e-08, 6.31620125091e-08, 7.99618575797e-08, 8.98686423056e-08, 2.02223915835e-07, 3.50171973196e-07, 3.42658353247e-07, 2.88439736096e-07, 2.27304511213e-07, 2.29182106182e-07, 1.95916115331e-07, 1.00381164714e-07, 5.61440529623e-08, 1.29139754446e-09, 2.82904392851e-18, 3.09737118626e-18]
    },
    "erbbands": {
        "dmean": [0.160751506686, 1.90192317963, 6.31057071686, 13.8937253952, 9.8766784668, 9.99868297577, 8.68752384186, 7.82040023804, 5.34224557877, 5.36469936371, 3.80535316467, 4.31048154831, 3.78143572807, 3.09426093102, 4.00665235519, 4.90382432938, 5.13768529892, 6.65146207809, 8.58314704895, 9.3192243576, 16.5825939178, 18.4825191498, 17.7244777679, 15.6494560242, 13.5392560959, 11.8093910217, 8.67069816589, 11.1626663208, 7.05788946152, 4.80016708374, 3.05280518532, 1.67218649387, 1.03980886936, 0.267534077168, 0.00727901654318, 0.000331590679707, 4.03296871809e-05, 8.65029869601e-06, 8.36588151287e-06, 1.71298670466e-05],
        "dmean2": [0.277454584837, 3.27738404274, 10.9864358902, 21.4604454041, 16.4492721558, 15.9909124374, 13.8735303879, 12.9859991074, 9.1555109024, 9.32809066772, 6.62002277374, 7.10991811752, 6.49210214615, 5.34512853622, 6.6077208519, 8.19208526611, 8.64136600494, 11.1390743256, 14.2987613678, 15.2549200058, 27.0825328827, 30.4733753204, 28.7228527069, 25.9863834381, 22.0240955353, 18.7600269318, 13.7991933823, 18.1573143005, 11.5061979294, 7.86901760101, 4.93892145157, 2.53516578674, 1.51311147213, 0.401942938566, 0.0109605928883, 0.000491496175528, 6.01400679443e-05, 1.29987438413e-05, 1.37818005896e-05, 2.9120441468e-05],
        "dvar": [0.0663249865174, 10.7043457031, 110.218544006, 305.034759521, 149.943069458, 158.017028809, 120.621994019, 262.489624023, 117.093818665, 183.165725708, 111.773979187, 41.4221725464, 56.0421829224, 31.2675514221, 23.5195922852, 49.8569412231, 102.921646118, 174.835403442, 182.225158691, 139.941711426, 345.859771729, 773.414978027, 707.622375488, 430.093688965, 336.941711426, 240.32913208, 199.752227783, 257.782562256, 214.303131104, 102.27747345, 35.7574424744, 14.3188352585, 6.27009296417, 0.420936316252, 0.000295019592158, 5.89852106714e-07, 7.5058430582e-09, 3.10049763641e-10, 1.53489526644e-10, 6.43005537704e-10],
        "dvar2": [0.183479085565, 29.7847576141, 314.551879883, 716.492248535, 407.078948975, 379.83605957, 313.658905029, 722.46472168, 344.243347168, 525.086303711, 318.096893311, 109.470359802, 153.003707886, 84.4442443848, 58.2452316284, 138.148223877, 276.913269043, 479.969146729, 490.113739014, 359.514923096, 886.818847656, 2207.58764648, 1942.46032715, 1107.05773926, 832.874389648, 560.257751465, 476.837188721, 673.110717773, 563.104980469, 260.132263184, 84.9346618652, 30.8624420166, 13.5728006363, 0.950995922089, 0.000659843266476, 1.29643024138e-06, 1.62384186098e-08, 6.65298760527e-10, 4.13920814291e-10, 1.80324044585e-09],
        "max": [2.41864585876, 26.5261955261, 117.454994202, 209.091323853, 129.247802734, 120.252296448, 113.867431641, 280.772613525, 136.35369873, 195.740890503, 146.333755493, 97.0468673706, 136.491989136, 68.8620376587, 50.7188796997, 92.2082138062, 150.820007324, 176.784255981, 204.327377319, 124.183525085, 171.926620483, 494.496795654, 435.64642334, 280.686126709, 261.721313477, 196.45993042, 218.9322052, 177.991851807, 189.89263916, 138.45451355, 65.4618606567, 56.376411438, 38.2111625671, 8.39213752747, 0.211529642344, 0.0101690236479, 0.00117093510926, 0.000230254503549, 0.000121676603158, 0.000252102938248],
        "mean": [0.251828789711, 2.72343993187, 9.32120418549, 25.4779319763, 18.9761619568, 19.3257102966, 17.1195793152, 12.8655376434, 8.35818862915, 7.31595754623, 5.38537120819, 6.70311737061, 5.56187915802, 4.80731153488, 7.04057455063, 8.14063644409, 8.1667766571, 10.9550476074, 15.803144455, 19.0526123047, 36.1636924744, 42.5373802185, 39.0792198181, 36.2394638062, 30.4984397888, 27.4424629211, 19.3525524139, 22.9842891693, 11.4182825089, 6.66108751297, 4.20364141464, 2.76062631607, 1.59390568733, 0.396019279957, 0.0110126575455, 0.000563720997889, 8.35375030874e-05, 1.90426490008e-05, 2.63530055236e-05, 5.17044572916e-05],
        "median": [0.171464815736, 1.93739795685, 6.88421821594, 18.2608451843, 14.9414691925, 13.3952827454, 12.0914001465, 8.40939617157, 5.41374158859, 4.33198308945, 3.22189068794, 4.80187511444, 3.88164114952, 3.25468492508, 5.43030023575, 6.1843457222, 5.72132539749, 7.29619121552, 12.3947153091, 15.6389904022, 32.0265464783, 37.8765640259, 34.4961853027, 32.3489570618, 25.483171463, 22.6293449402, 15.0627851486, 18.3998966217, 6.2781329155, 1.65532457829, 0.785937190056, 0.777722775936, 0.411781072617, 0.119923256338, 0.00339481630363, 0.000201031478355, 4.07568113587e-05, 9.9997732832e-06, 2.45917144639e-05, 5.04877971252e-05],
        "min": [1.36796888921e-12, 7.60014013529e-12, 2.54818353917e-11, 6.11808589901e-11, 1.21521251395e-10, 2.1134435868e-10, 3.32937982739e-10, 4.84968065706e-10, 6.60749066572e-10, 8.46870795712e-10, 1.02224417819e-09, 1.15789566824e-09, 1.21915355589e-09, 1.17214582485e-09, 9.95712734486e-10, 7.00771329853e-10, 3.52540524551e-10, 8.57472912119e-11, 9.16023576436e-11, 5.51299450535e-10, 1.51067658383e-09, 2.75332423527e-09, 3.81028053553e-09, 4.22357659957e-09, 3.91102394914e-09, 3.16525450295e-09, 2.1949577711e-09, 1.07399800164e-09, 2.47677961474e-10, 3.04962895215e-11, 2.93631334525e-11, 4.20802628853e-11, 9.07431907393e-11, 6.283343984e-11, 6.74926867866e-12, 1.683502838e-12, 6.49456725378e-13, 2.15475816985e-13, 4.76552865637e-14, 5.77464754142e-15],
        "var": [0.0783594250679, 10.1401834488, 102.068946838, 660.710266113, 264.307861328, 361.64755249, 277.694763184, 283.17175293, 108.52305603, 148.676483154, 90.6761779785, 52.6667938232, 53.8445472717, 34.52085495, 42.7414703369, 64.5379562378, 107.862007141, 190.261505127, 252.371429443, 263.235351562, 715.697692871, 1076.64025879, 1035.47277832, 791.074462891, 633.0703125, 557.821289062, 352.392700195, 400.812316895, 257.800140381, 162.528442383, 71.2494277954, 32.4799423218, 11.7366409302, 0.603879272938, 0.000441212265287, 9.83460722637e-07, 1.46121692524e-08, 6.67867483539e-10, 3.08335024179e-10, 1.05934161443e-09]
    },
    "gfcc": {
        "mean": [-13.1629810333, 131.527099609, -144.074661255, 100.491569519, -52.5179176331, 6.70912218094, -28.5615158081, -9.99496078491, -7.55864858627, -22.8791942596, 2.19176244736, -20.6601467133, 8.21510601044],
        "cov": [[8228.42382812, -174.375534058, -229.952087402, 172.906829834, -297.883117676, 229.97215271, -130.452575684, 48.654800415, 60.0970230103, 58.9555511475, 29.866973877, 27.7530059814, -46.8718490601], [-174.375534058, 421.068481445, -74.5049972534, -2.04869914055, 180.371063232, -240.119476318, 146.738922119, -111.481666565, 6.83838033676, -27.61211586, -37.7008399963, -3.8037674427, 17.8754577637], [-229.952087402, -74.5049972534, 169.836486816, 27.8260364532, -2.54461479187, 59.5947418213, -37.7552146912, 11.3185167313, -9.20562744141, -25.7781524658, -1.08907043934, -15.0786333084, -8.23648738861], [172.906829834, -2.04869914055, 27.8260364532, 74.3010253906, 18.1496238708, 18.0126972198, 17.8406105042, -20.5450839996, 20.091709137, -18.0438556671, -0.356898277998, 8.44248485565, -10.1716680527], [-297.883117676, 180.371063232, -2.54461479187, 18.1496238708, 161.367324829, -105.026000977, 92.0657272339, -43.938419342, -6.55635309219, -12.8227729797, -22.5414981842, -9.37483882904, 14.4301671982], [229.97215271, -240.119476318, 59.5947418213, 18.0126972198, -105.026000977, 197.335617065, -71.0279312134, 69.4961395264, 7.96673727036, 3.47652578354, 24.8306026459, -4.00581884384, -17.5588989258], [-130.452575684, 146.738922119, -37.7552146912, 17.8406105042, 92.0657272339, -71.0279312134, 137.788757324, -40.0311164856, 40.998966217, -9.25562572479, -19.5947856903, 14.8981084824, -13.1284093857], [48.654800415, -111.481666565, 11.3185167313, -20.5450839996, -43.938419342, 69.4961395264, -40.0311164856, 91.9813919067, -0.0606690645218, 29.3412723541, 15.8872709274, -13.4120101929, 14.1250858307], [60.0970230103, 6.83838033676, -9.20562744141, 20.091709137, -6.55635309219, 7.96673727036, 40.998966217, -0.0606690645218, 70.9398040771, 15.0030412674, 7.79912471771, 19.5676651001, -24.7914123535], [58.9555511475, -27.61211586, -25.7781524658, -18.0438556671, -12.8227729797, 3.47652578354, -9.25562572479, 29.3412723541, 15.0030412674, 58.3177146912, 22.4156303406, 9.37444210052, 7.94274425507], [29.866973877, -37.7008399963, -1.08907043934, -0.356898277998, -22.5414981842, 24.8306026459, -19.5947856903, 15.8872709274, 7.79912471771, 22.4156303406, 37.8648605347, 17.3236865997, 5.8480052948], [27.7530059814, -3.8037674427, -15.0786333084, 8.44248485565, -9.37483882904, -4.00581884384, 14.8981084824, -13.4120101929, 19.5676651001, 9.37444210052, 17.3236865997, 47.0460662842, 5.68238830566], [-46.8718490601, 17.8754577637, -8.23648738861, -10.1716680527, 14.4301671982, -17.5588989258, -13.1284093857, 14.1250858307, -24.7914123535, 7.94274425507, 5.8480052948, 5.68238830566, 47.3636436462]],
        "icov": [[0.000174240689375, -0.000491533719469, 0.000332542782417, -0.0008242414915, 0.000459787639556, -0.000433459470514, 0.000267401192104, -0.000259413180174, 0.000347963446984, -0.000488127174322, 0.000460716837551, -0.000248485186603, 0.00032638196717], [-0.000491533719469, 0.0169213693589, 0.000353113719029, 0.00473125092685, -0.0046264580451, 0.0129355741665, -0.00728898542002, 0.00896582938731, -0.00747903995216, 0.00712811993435, -0.00804385356605, 0.0118040852249, -0.0098174829036], [0.000332542782417, 0.000353113719029, 0.00938271358609, -0.00270055048168, -0.00359409488738, -0.00242403475568, 0.00458670081571, -0.000791313359514, -0.0013741486473, 0.00361935864203, 0.000255609629676, 0.000291565811494, 0.00155844143592], [-0.0008242414915, 0.00473125092685, -0.00270055048168, 0.0259513743222, -0.00861977878958, -0.00197582668625, 0.000139430092531, 0.00863137841225, -0.0117960125208, 0.00914401747286, -0.00460151443258, 0.00131207541563, -0.00543650472537], [0.000459787639556, -0.0046264580451, -0.00359409488738, -0.00861977878958, 0.0226795058697, 0.0029036719352, -0.0126113938168, -0.000431436812505, 0.00924294069409, -0.00665412424132, -0.000152873792103, 0.00644104881212, -0.004275332205], [-0.000433459470514, 0.0129355741665, -0.00242403475568, -0.00197582668625, 0.0029036719352, 0.0239351969212, -0.00621137442067, -0.00301256263629, -0.00289179268293, 0.00835397280753, -0.010670479387, 0.00826208014041, -0.00157967780251], [0.000267401192104, -0.00728898542002, 0.00458670081571, 0.000139430092531, -0.0126113938168, -0.00621137442067, 0.027337051928, -0.00500395474955, -0.00977754592896, 0.00195845961571, 0.0113201988861, -0.0140417180955, 0.00929303932935], [-0.000259413180174, 0.00896582938731, -0.000791313359514, 0.00863137841225, -0.000431436812505, -0.00301256263629, -0.00500395474955, 0.0325950197875, -0.0106689510867, -0.00577850919217, -0.00562596134841, 0.0197228025645, -0.0203045122325], [0.000347963446984, -0.00747903995216, -0.0013741486473, -0.0117960125208, 0.00924294069409, -0.00289179268293, -0.00977754592896, -0.0106689510867, 0.0381359681487, -0.0133442077786, 0.00220776535571, -0.0139849958941, 0.0205826926976], [-0.000488127174322, 0.00712811993435, 0.00361935864203, 0.00914401747286, -0.00665412424132, 0.00835397280753, 0.00195845961571, -0.00577850919217, -0.0133442077786, 0.0373192243278, -0.0183018352836, 0.00290045305155, -0.00452093826607], [0.000460716837551, -0.00804385356605, 0.000255609629676, -0.00460151443258, -0.000152873792103, -0.010670479387, 0.0113201988861, -0.00562596134841, 0.00220776535571, -0.0183018352836, 0.053735319525, -0.0236695483327, 0.00388410803862], [-0.000248485186603, 0.0118040852249, 0.000291565811494, 0.00131207541563, 0.00644104881212, 0.00826208014041, -0.0140417180955, 0.0197228025645, -0.0139849958941, 0.00290045305155, -0.0236695483327, 0.0511315949261, -0.0240602754056], [0.00032638196717, -0.0098174829036, 0.00155844143592, -0.00543650472537, -0.004275332205, -0.00157967780251, 0.00929303932935, -0.0203045122325, 0.0205826926976, -0.00452093826607, 0.00388410803862, -0.0240602754056, 0.0475317798555]]
    },
    "melbands": {
        "dmean": [0.00174534646794, 0.00297362357378, 0.00208310084417, 0.000732202781364, 0.000288249197183, 0.000169929335243, 7.94516163296e-05, 5.78934741498e-05, 2.93315133604e-05, 2.72669622063e-05, 1.9215471184e-05, 1.2906095435e-05, 1.37430924951e-05, 1.29831623781e-05, 1.23868594528e-05, 1.22321953313e-05, 1.33395205921e-05, 1.49363768287e-05, 1.28324054458e-05, 1.60285817401e-05, 2.18351651711e-05, 1.97007084353e-05, 2.2945469027e-05, 1.46699712786e-05, 1.38890436574e-05, 1.215732118e-05, 8.88981685421e-06, 8.4227986008e-06, 5.62259310755e-06, 6.34062598692e-06, 6.9522893682e-06, 4.25155985795e-06, 3.69198369299e-06, 2.43993781623e-06, 2.06579397855e-06, 1.1742430388e-06, 1.03422019038e-06, 7.81190522048e-07, 6.17069304099e-07, 1.06490659846e-07],
        "dmean2": [0.00297325477004, 0.00517922127619, 0.00323757273145, 0.00118754431605, 0.000466901430627, 0.000281742803054, 0.000136308794026, 0.000100718214526, 5.05572133989e-05, 4.45599398518e-05, 3.31461997121e-05, 2.23775987251e-05, 2.28770168178e-05, 2.17819215322e-05, 2.06765653274e-05, 2.08787696465e-05, 2.2691414415e-05, 2.51774799835e-05, 2.1171714252e-05, 2.62508929154e-05, 3.58917095582e-05, 3.30435250362e-05, 3.81751924579e-05, 2.43049034907e-05, 2.33483915508e-05, 2.01439161174e-05, 1.43977786138e-05, 1.34689844344e-05, 8.98237976799e-06, 1.02008698377e-05, 1.15088232633e-05, 6.91830564392e-06, 6.14480677541e-06, 4.0111585804e-06, 3.41243821822e-06, 1.81454970516e-06, 1.56056410106e-06, 1.16320666166e-06, 9.24744369968e-07, 1.66739766883e-07],
        "dvar": [8.1101024989e-06, 2.51002584264e-05, 6.9630273174e-06, 8.25927315873e-07, 1.31162423145e-07, 1.08232534046e-07, 2.56983643254e-08, 2.58999577341e-08, 4.85869522393e-09, 1.77497272436e-09, 1.45072132085e-09, 5.87293713661e-10, 2.89272189535e-10, 3.3179742287e-10, 3.47661982536e-10, 9.36615673908e-10, 6.25617391226e-10, 5.52428658374e-10, 3.01862423946e-10, 3.43832295968e-10, 6.15862749687e-10, 7.94518284497e-10, 9.84621939537e-10, 5.28748489437e-10, 3.18115894737e-10, 2.89002211051e-10, 1.24618065866e-10, 1.24763352427e-10, 8.28504626016e-11, 8.08109620887e-11, 1.0304121445e-10, 7.02378710749e-11, 7.97682961351e-11, 2.38466590224e-11, 1.66898075221e-11, 6.1272258968e-12, 5.90275875054e-12, 3.72910253024e-12, 2.12320373956e-12, 6.81350456741e-14],
        "dvar2": [2.23312054004e-05, 7.16620852472e-05, 1.69515005837e-05, 2.13143334804e-06, 3.42213098747e-07, 2.98593135994e-07, 7.51686357603e-08, 7.45136361502e-08, 1.36592426259e-08, 4.74279326923e-09, 3.9637808591e-09, 1.59515667342e-09, 7.48550166296e-10, 9.08832786806e-10, 9.41277389366e-10, 2.60517385442e-09, 1.7248551476e-09, 1.50478451921e-09, 7.69065144901e-10, 9.04198826923e-10, 1.62128932502e-09, 2.22844009912e-09, 2.81352541265e-09, 1.41878953031e-09, 8.35399804888e-10, 7.48321238309e-10, 2.92411678204e-10, 3.0485025615e-10, 1.96512486839e-10, 2.0775131615e-10, 2.72623729147e-10, 1.83753082195e-10, 2.13986078856e-10, 5.91304297193e-11, 4.11997172489e-11, 1.34695206377e-11, 1.31861622316e-11, 8.22826702607e-12, 4.78669317724e-12, 1.60088874665e-13],
        "max": [0.0261859185994, 0.0541646406054, 0.0298107694834, 0.00916179548949, 0.00411992985755, 0.00550011405721, 0.00200294563547, 0.00242638774216, 0.000910700473469, 0.000725941499695, 0.000681986915879, 0.000300194718875, 0.000189872545889, 0.000196380759007, 0.000280486739939, 0.00042010578909, 0.000327915884554, 0.000331064977217, 0.000178507922101, 0.000170309765963, 0.000256240018643, 0.000495238986332, 0.000461466872366, 0.000388711807318, 0.000228886696277, 0.000284636334982, 0.00014213869872, 0.00013716344256, 0.000125328238937, 0.000132298795506, 0.000123673860799, 0.000111591652967, 0.000146055361256, 5.50711993128e-05, 4.43613353127e-05, 2.90851803584e-05, 3.55049123755e-05, 2.93269240501e-05, 1.9370139853e-05, 3.04089712699e-06],
        "mean": [0.00273282732815, 0.00454930728301, 0.00402754824609, 0.00141190399881, 0.000609823560808, 0.000293551827781, 0.000123918784084, 7.73771171225e-05, 4.24218414992e-05, 4.20799115091e-05, 2.69968732027e-05, 1.86483321158e-05, 2.25391995627e-05, 2.09673253266e-05, 2.00207723537e-05, 1.75931709236e-05, 2.05760188692e-05, 2.52576355706e-05, 2.3187350962e-05, 3.03022643493e-05, 4.49098406534e-05, 4.17441806349e-05, 4.5451670303e-05, 2.88264945993e-05, 2.96489015454e-05, 2.47344178206e-05, 1.93762971321e-05, 1.79737016879e-05, 1.15095781439e-05, 1.27400744532e-05, 1.33738831209e-05, 6.69767359796e-06, 4.63620563096e-06, 3.304416623e-06, 2.61304307969e-06, 1.80499614544e-06, 1.59726300808e-06, 1.12935038032e-06, 8.94680397323e-07, 1.30126494469e-07],
        "median": [0.00205024657771, 0.00355778750964, 0.00296745449305, 0.0010723156156, 0.00047038635239, 0.000200991009478, 8.09466873761e-05, 4.32943852502e-05, 2.66299721261e-05, 2.9675580663e-05, 1.83855918294e-05, 1.21253324323e-05, 1.68512833625e-05, 1.61514344654e-05, 1.5269171854e-05, 1.09785241875e-05, 1.32728982862e-05, 1.92731204152e-05, 1.79090620804e-05, 2.44108323386e-05, 3.92730507883e-05, 3.61522361345e-05, 3.92000438296e-05, 2.39432119997e-05, 2.60982869804e-05, 2.02385053854e-05, 1.62926280609e-05, 1.45143976624e-05, 8.52787525218e-06, 1.01910372905e-05, 1.04192222352e-05, 3.90655668525e-06, 1.2262690916e-06, 6.72209239383e-07, 4.30924671946e-07, 4.3060501298e-07, 4.50200531077e-07, 2.50619962117e-07, 2.52192279504e-07, 3.405951432e-08],
        "min": [1.25041629476e-14, 1.24038047899e-14, 1.22040778091e-14, 1.19051310829e-14, 1.14682492764e-14, 1.09219181076e-14, 1.02211575859e-14, 9.37097960536e-15, 8.39381190422e-15, 7.26760790898e-15, 6.04373296811e-15, 4.77214762593e-15, 3.49396834402e-15, 2.29803723183e-15, 1.28165942265e-15, 5.21723432296e-16, 1.04472388587e-16, 7.53753113066e-17, 4.2949824677e-16, 1.08740173356e-15, 1.9099845454e-15, 2.70351126841e-15, 3.28574350514e-15, 3.52724911555e-15, 3.41219917142e-15, 3.02987433354e-15, 2.5242297571e-15, 2.0026363973e-15, 1.4896912439e-15, 9.73243291615e-16, 4.95192719261e-16, 1.60687946976e-16, 2.45927496275e-17, 1.17509228188e-17, 1.6777757304e-17, 1.67792908968e-17, 2.83225582947e-17, 5.70659596153e-17, 7.96163655688e-17, 4.38933929105e-17],
        "var": [8.78255195857e-06, 2.26678384934e-05, 1.46412958202e-05, 1.67161795162e-06, 3.08755090828e-07, 1.23047243505e-07, 2.38155326571e-08, 2.01213179452e-08, 4.33907088038e-09, 2.1766943803e-09, 1.37687994339e-09, 6.1169680432e-10, 4.82652251499e-10, 4.32120256244e-10, 4.28135638053e-10, 7.96764265676e-10, 6.81579459538e-10, 7.14666159585e-10, 5.03649344452e-10, 6.4564631419e-10, 1.16276632767e-09, 1.10762676808e-09, 1.35800026779e-09, 7.04261537976e-10, 5.51665713111e-10, 4.50229853399e-10, 2.60919869044e-10, 2.64658822635e-10, 1.4542507476e-10, 1.30922300778e-10, 1.46561804359e-10, 8.51420323134e-11, 8.4315242288e-11, 4.42867305328e-11, 2.90381416829e-11, 1.35705708823e-11, 1.15658671876e-11, 6.7475517361e-12, 3.15905721721e-12, 8.65825694561e-14]
    },
    "mfcc": {
        "mean": [-624.944274902, 111.402435303, -6.78515195847, 70.4792175293, 13.8501701355, 15.1189775467, 1.91074240208, 4.92198514938, 1.77980720997, -2.90063166618, -6.77806186676, 4.32745409012, -8.74026966095],
        "cov": [[6663.55322266, -217.37387085, 39.0665740967, -43.9418334961, -102.752883911, 104.654464722, -144.540084839, 95.4935302734, -92.6872634888, 133.406112671, 1.19910287857, 83.1923675537, 19.730588913], [-217.37387085, 553.007080078, -265.812225342, 278.145202637, -55.4390335083, -14.1310892105, 44.600528717, -69.84815979, 67.2419586182, -75.8965682983, -17.0748729706, -0.767059385777, -55.7256088257], [39.0665740967, -265.812225342, 268.540924072, -139.4271698, 66.7185897827, 15.8463096619, -29.8664207458, 50.8511390686, -47.3885879517, 35.4842224121, 1.84379661083, -19.6222343445, 30.5204162598], [-43.9418334961, 278.145202637, -139.4271698, 233.432189941, -31.199804306, 40.6625099182, 5.84156322479, -4.80411672592, 25.5008182526, -32.2667312622, -16.7942810059, 0.41358846426, -22.962770462], [-102.752883911, -55.4390335083, 66.7185897827, -31.199804306, 92.354057312, -26.7436180115, 37.6158790588, -22.0125026703, 6.83698129654, -6.13118600845, -7.6152715683, -0.775853514671, -12.2896289825], [104.654464722, -14.1310892105, 15.8463096619, 40.6625099182, -26.7436180115, 107.631896973, -33.5465583801, 66.1811599731, -28.6415157318, 21.9770488739, 2.1514840126, -6.14091920853, 16.6763019562], [-144.540084839, 44.600528717, -29.8664207458, 5.84156322479, 37.6158790588, -33.5465583801, 85.8076629639, -33.7283248901, 39.8955955505, -25.4159851074, -4.56692934036, 6.17710542679, -25.5744419098], [95.4935302734, -69.84815979, 50.8511390686, -4.80411672592, -22.0125026703, 66.1811599731, -33.7283248901, 99.5238876343, -22.0419883728, 38.3038978577, -2.98967385292, -1.00992119312, 17.1832275391], [-92.6872634888, 67.2419586182, -47.3885879517, 25.5008182526, 6.83698129654, -28.6415157318, 39.8955955505, -22.0419883728, 68.5956115723, -11.837641716, 15.2019042969, -0.372366219759, -9.5648355484], [133.406112671, -75.8965682983, 35.4842224121, -32.2667312622, -6.13118600845, 21.9770488739, -25.4159851074, 38.3038978577, -11.837641716, 63.6518783569, 10.9417133331, 15.7849912643, 6.59104681015], [1.19910287857, -17.0748729706, 1.84379661083, -16.7942810059, -7.6152715683, 2.1514840126, -4.56692934036, -2.98967385292, 15.2019042969, 10.9417133331, 51.9175987244, 4.06394577026, 19.8925762177], [83.1923675537, -0.767059385777, -19.6222343445, 0.41358846426, -0.775853514671, -6.14091920853, 6.17710542679, -1.00992119312, -0.372366219759, 15.7849912643, 4.06394577026, 49.4815483093, 1.09090828896], [19.730588913, -55.7256088257, 30.5204162598, -22.962770462, -12.2896289825, 16.6763019562, -25.5744419098, 17.1832275391, -9.5648355484, 6.59104681015, 19.8925762177, 1.09090828896, 57.3826675415]],
