{
"lowlevel": {
    "average_loudness": 0.163351222873,
    "barkbands_crest": {
        "dmean": 1.68164479733,
        "dmean2": 2.59152507782,
        "dvar": 4.02726745605,
        "dvar2": 8.44816017151,
        "max": 24.4904193878,
        "mean": 9.76151943207,
        "median": 9.1061000824,
        "min": 3.13358283043,
        "var": 17.430973053
    },
    "barkbands_flatness_db": {
        "dmean": 0.0182315725833,
        "dmean2": 0.0268446002156,
        "dvar": 0.000358679593774,
        "dvar2": 0.00068129284773,
        "max": 0.325289279222,
        "mean": 0.203657418489,
        "median": 0.203650474548,
        "min": 0.0265089068562,
        "var": 0.0024713233579
    },
    "barkbands_kurtosis": {
        "dmean": 1.80446827412,
        "dmean2": 2.5905816555,
        "dvar": 10.44551754,
        "dvar2": 20.8863792419,
        "max": 47.6721992493,
        "mean": 3.48166370392,
        "median": 1.29814291,
        "min": -1.93006277084,
        "var": 37.6608009338
    },
    "barkbands_skewness": {
        "dmean": 0.40731883049,
        "dmean2": 0.558275341988,
        "dvar": 0.294322550297,
        "dvar2": 0.473383665085,
        "max": 6.43425226212,
        "mean": 1.31758081913,
        "median": 1.24024379253,
        "min": -4.85317468643,
        "var": 1.60366129875
    },
    "barkbands_spread": {
        "dmean": 4.33052444458,
        "dmean2": 6.48335456848,
        "dvar": 56.1462402344,
        "dvar2": 131.497924805,
        "max": 80.0755386353,
        "mean": 19.2523479462,
        "median": 16.4181213379,
        "min": 2.68380284309,
        "var": 165.284576416
    },
    "dissonance": {
        "dmean": 0.01844936423,
        "dmean2": 0.0294569823891,
        "dvar": 0.000463036150904,
        "dvar2": 0.000884708832018,
        "max": 0.499644517899,
        "mean": 0.445237845182,
        "median": 0.45225083828,
        "min": 0,
        "var": 0.00147340225521
    },
    "dynamic_complexity": 8.79471206665,
    "erbbands_crest": {
        "dmean": 2.01092505455,
        "dmean2": 3.09699583054,
        "dvar": 4.81232500076,
        "dvar2": 11.1867418289,
        "max": 29.8673305511,
        "mean": 10.9281425476,
        "median": 9.9860086441,
        "min": 2.95219278336,
        "var": 19.8193798065
    },
    "erbbands_flatness_db": {
        "dmean": 0.0141724143177,
        "dmean2": 0.0198893882334,
        "dvar": 0.00030668565887,
        "dvar2": 0.000559021602385,
        "max": 0.371641725302,
        "mean": 0.252408385277,
        "median": 0.256492525339,
        "min": 0.10653283447,
        "var": 0.00199259934016
    },
    "erbbands_kurtosis": {
        "dmean": 0.919983923435,
        "dmean2": 1.32867610455,
        "dvar": 3.22999668121,
        "dvar2": 7.22770833969,
        "max": 36.6299247742,
        "mean": 0.535780668259,
        "median": -0.45120549202,
        "min": -1.87497115135,
        "var": 7.17400550842
    },
    "erbbands_skewness": {
        "dmean": 0.326425552368,
        "dmean2": 0.447812825441,
        "dvar": 0.163822039962,
        "dvar2": 0.27504953742,
        "max": 3.69329547882,
        "mean": 0.439249902964,
        "median": 0.496422231197,
        "min": -4.55586338043,
        "var": 1.04895830154
    },
    "erbbands_spread": {
        "dmean": 5.54972791672,
        "dmean2": 8.16653728485,
        "dvar": 62.519077301,
        "dvar2": 141.548553467,
        "max": 111.112014771,
        "mean": 32.9522171021,
        "median": 31.5483074188,
        "min": 2.43023324013,
        "var": 194.175079346
    },
    "hfc": {
        "dmean": 3.096991539,
        "dmean2": 3.84325146675,
        "dvar": 102.455795288,
        "dvar2": 151.890838623,
        "max": 182.840576172,
        "mean": 8.40257930756,
        "median": 1.26409065723,
        "min": 1.1911918305e-16,
        "var": 462.405273438
    },
    "melbands_crest": {
        "dmean": 2.27447652817,
        "dmean2": 3.52666664124,
        "dvar": 7.54456853867,
        "dvar2": 17.785282135,
        "max": 30.0197677612,
        "mean": 12.776102066,
        "median": 11.7547702789,
        "min": 2.40664553642,
        "var": 29.1107082367
    },
    "melbands_flatness_db": {
        "dmean": 0.0191393885761,
        "dmean2": 0.0254896748811,
        "dvar": 0.000512171012815,
        "dvar2": 0.000743310782127,
        "max": 0.379692614079,
        "mean": 0.225119009614,
        "median": 0.228710412979,
        "min": 0.00806818064302,
        "var": 0.00457600550726
    },
    "melbands_kurtosis": {
        "dmean": 3.22508025169,
        "dmean2": 4.78763532639,
        "dvar": 37.3630371094,
        "dvar2": 72.0270462036,
        "max": 105.325942993,
        "mean": 8.9667930603,
        "median": 5.60533618927,
        "min": -1.76407039165,
        "var": 126.426689148
    },
    "melbands_skewness": {
        "dmean": 0.436391413212,
        "dmean2": 0.634655296803,
        "dvar": 0.360028475523,
        "dvar2": 0.638831436634,
        "max": 8.14629268646,
        "mean": 2.15101575851,
        "median": 1.9809576273,
        "min": -2.3827445507,
        "var": 1.52798950672
    },
    "melbands_spread": {
        "dmean": 7.71545648575,
        "dmean2": 11.2813329697,
        "dvar": 284.541137695,
        "dvar2": 523.06060791,
        "max": 215.319351196,
        "mean": 27.3316516876,
        "median": 19.0495700836,
        "min": 2.21279215813,
        "var": 729.135498047
    },
    "pitch_salience": {
        "dmean": 0.0488520078361,
        "dmean2": 0.076770350337,
        "dvar": 0.00290275807492,
        "dvar2": 0.0062248846516,
        "max": 0.971072077751,
        "mean": 0.589816629887,
        "median": 0.593900680542,
        "min": 0.283282160759,
        "var": 0.0110416812822
    },
    "silence_rate_20dB": {
        "dmean": 0,
        "dmean2": 0,
        "dvar": 0,
        "dvar2": 0,
        "max": 1,
        "mean": 1,
        "median": 1,
        "min": 1,
        "var": 0
    },
    "silence_rate_30dB": {
        "dmean": 0.00463678501546,
        "dmean2": 0.00928074214607,
        "dvar": 0.00461524771526,
        "dvar2": 0.0107414126396,
        "max": 1,
        "mean": 0.994594573975,
        "median": 1,
        "min": 0,
        "var": 0.00537627609447
    },
    "silence_rate_60dB": {
        "dmean": 0.0510046370327,
        "dmean2": 0.102088168263,
        "dvar": 0.0484033152461,
        "dvar2": 0.097853012383,
        "max": 1,
        "mean": 0.637837827206,
        "median": 1,
        "min": 0,
        "var": 0.231001287699
    },
    "spectral_centroid": {
        "dmean": 235.484237671,
        "dmean2": 311.860107422,
        "dvar": 179076.65625,
        "dvar2": 218150.265625,
        "max": 10985.9091797,
        "mean": 1571.16845703,
        "median": 1412.87609863,
        "min": 331.097198486,
        "var": 721737.5
    },
    "spectral_complexity": {
        "dmean": 1.5687789917,
        "dmean2": 2.25986075401,
        "dvar": 7.240629673,
        "dvar2": 12.0655584335,
        "max": 44,
        "mean": 6.8347492218,
        "median": 5,
        "min": 0,
        "var": 52.0869827271
    },
    "spectral_decrease": {
        "dmean": 5.17490439389e-10,
        "dmean2": 6.54545473378e-10,
        "dvar": 2.84640252046e-18,
        "dvar2": 4.39956398788e-18,
        "max": 8.80387355451e-29,
        "mean": -1.80860870724e-09,
        "median": -3.60430157942e-10,
        "min": -3.74891016008e-08,
        "var": 1.57028526416e-17
    },
    "spectral_energy": {
        "dmean": 0.00219951500185,
        "dmean2": 0.00276408856735,
        "dvar": 4.9341659178e-05,
        "dvar2": 7.4996110925e-05,
        "max": 0.157601222396,
        "mean": 0.00758824311197,
        "median": 0.00152664829511,
        "min": 1.04721800641e-20,
        "var": 0.000276746868622
    },
    "spectral_energyband_high": {
        "dmean": 0.000234168037423,
        "dmean2": 0.000327493035002,
        "dvar": 9.49671004946e-07,
        "dvar2": 1.69072086464e-06,
        "max": 0.0230406969786,
        "mean": 0.000387673178921,
        "median": 1.20560107462e-05,
        "min": 7.51184928582e-21,
        "var": 2.37412723436e-06
    },
    "spectral_energyband_low": {
        "dmean": 4.16796428908e-05,
        "dmean2": 6.11872310401e-05,
        "dvar": 1.94033180634e-08,
        "dvar2": 3.62585232949e-08,
        "max": 0.00272491155192,
        "mean": 0.00010483396909,
        "median": 1.46157526615e-05,
        "min": 5.48155461667e-23,
        "var": 6.35567758422e-08
    },
    "spectral_energyband_middle_high": {
        "dmean": 0.000854660582263,
        "dmean2": 0.00103041320108,
        "dvar": 1.22239298435e-05,
        "dvar2": 1.86443357961e-05,
        "max": 0.0931184142828,
        "mean": 0.00212596659549,
        "median": 0.000276263977867,
        "min": 1.51709801396e-21,
        "var": 4.95672793477e-05
    },
    "spectral_energyband_middle_low": {
        "dmean": 0.0016773424577,
        "dmean2": 0.00228924094699,
        "dvar": 2.96009729936e-05,
        "dvar2": 6.18463673163e-05,
        "max": 0.107524894178,
        "mean": 0.00522615388036,
        "median": 0.00100590160582,
        "min": 2.72031476132e-22,
        "var": 0.000110623979708
    },
    "spectral_entropy": {
        "dmean": 0.132784411311,
        "dmean2": 0.177561566234,
        "dvar": 0.0269077215344,
        "dvar2": 0.0356796644628,
        "max": 9.81067180634,
        "mean": 7.14675378799,
        "median": 7.12959289551,
        "min": 6.13507652283,
        "var": 0.200802385807
    },
    "spectral_flux": {
        "dmean": 0.0105505250394,
        "dmean2": 0.0156029397622,
        "dvar": 0.000397060066462,
        "dvar2": 0.000831452431157,
        "max": 0.288538485765,
        "mean": 0.0285110156983,
        "median": 0.0107436822727,
        "min": 1.02333669316e-10,
        "var": 0.00176904490218
    },
    "spectral_kurtosis": {
        "dmean": 3.04630565643,
        "dmean2": 5.39871931076,
        "dvar": 8.65571594238,
        "dvar2": 25.1558971405,
        "max": 24.93359375,
        "mean": 4.49066543579,
        "median": 3.71610832214,
        "min": -1.24115383625,
        "var": 12.6745882034
    },
    "spectral_rms": {
        "dmean": 0.000292267446639,
        "dmean2": 0.00034952184069,
        "dvar": 3.42234272921e-07,
        "dvar2": 4.49872999297e-07,
        "max": 0.0123998913914,
        "mean": 0.00190609542187,
        "median": 0.00122041511349,
        "min": 3.19636678237e-12,
        "var": 3.76996467821e-06
    },
    "spectral_rolloff": {
        "dmean": 455.459136963,
        "dmean2": 719.63861084,
        "dvar": 1096834,
        "dvar2": 1701810.625,
        "max": 19401.4160156,
        "mean": 1920.36450195,
        "median": 1378.125,
        "min": 193.798828125,
        "var": 3328664.5
    },
    "spectral_skewness": {
        "dmean": 0.341056734324,
        "dmean2": 0.573435842991,
        "dvar": 0.0873773247004,
        "dvar2": 0.232605502009,
        "max": 3.68005418777,
        "mean": 1.06485533714,
        "median": 0.992424845695,
        "min": -0.231015354395,
        "var": 0.290785878897
    },
    "spectral_spread": {
        "dmean": 348718.09375,
        "dmean2": 483122.28125,
        "dvar": 1.32058710016e+12,
        "dvar2": 898004287488,
        "max": 42451576,
        "mean": 3047973.75,
        "median": 2676911.75,
        "min": 1112262.875,
        "var": 3.1829631959e+12
    },
    "spectral_strongpeak": {
        "dmean": 0.275356560946,
        "dmean2": 0.425178915262,
        "dvar": 0.526751279831,
        "dvar2": 1.15722060204,
        "max": 12.2326059341,
        "mean": 0.748066306114,
        "median": 0.356700956821,
        "min": 0,
        "var": 1.29681551456
    },
    "zerocrossingrate": {
        "dmean": 0.0103625813499,
        "dmean2": 0.0106787448749,
        "dvar": 0.000396147312131,
        "dvar2": 0.000323156127706,
        "max": 0.513671875,
        "mean": 0.064783424139,
        "median": 0.05419921875,
        "min": 0.0009765625,
        "var": 0.00237996061333
    },
    "barkbands": {
        "dmean": [2.09997756428e-06, 5.67408824281e-06, 2.2841441023e-05, 6.04304550507e-05, 0.000260556756984, 0.000414305075537, 0.00044383193017, 0.000630405440461, 0.000544479698874, 0.000227313663345, 0.000137466340675, 0.000208974233828, 0.000119088850624, 5.49227042939e-05, 0.000135026624775, 9.05635606614e-05, 6.2570819864e-05, 0.000100946548628, 6.1878352426e-05, 0.000147781858686, 3.7833215174e-05, 1.08044960143e-05, 2.98086579278e-05, 5.79195693717e-05, 2.05239648494e-05, 4.62235527632e-10, 3.11965564492e-10],
        "dmean2": [3.31876299242e-06, 9.03595991986e-06, 3.33274401783e-05, 8.2804079284e-05, 0.000387038075132, 0.000553734076675, 0.000641063321382, 0.00096751464298, 0.00069623067975, 0.000304643646814, 0.000189477315871, 0.000281084590824, 0.000155733781867, 8.28101110528e-05, 0.000197363464395, 0.000115301161713, 9.42082551774e-05, 0.000130996806547, 9.22697072383e-05, 0.000202028139029, 5.814920587e-05, 1.41899781738e-05, 4.15087051806e-05, 8.26386167319e-05, 2.79157065961e-05, 8.07573063977e-10, 5.67940250384e-10],
        "dvar": [4.97173613043e-12, 2.49767873051e-10, 7.22352400118e-09, 3.25842961502e-08, 5.1611169738e-07, 1.8772761905e-06, 5.60286571272e-06, 1.06509687612e-05, 6.9694292506e-06, 1.05617675672e-06, 1.05512344817e-06, 4.04023876399e-06, 1.07896687496e-06, 4.80821427118e-08, 6.87329304583e-07, 3.56849028549e-07, 4.21605932388e-08, 1.27805733996e-07, 4.00307591519e-08, 4.05000548653e-07, 4.04012325816e-08, 2.5395150427e-09, 3.17263442184e-08, 2.03609587857e-07, 1.82746084931e-08, 6.12905782123e-19, 7.34510017565e-19],
        "dvar2": [1.17546996442e-11, 4.670650533e-10, 1.46656153888e-08, 5.47836052078e-08, 1.17159800084e-06, 3.07771324515e-06, 1.29070349431e-05, 2.5579940484e-05, 1.14561353257e-05, 1.82982057595e-06, 2.21445793613e-06, 7.82441657066e-06, 1.62447202001e-06, 9.31969736939e-08, 1.61708965152e-06, 6.65668153488e-07, 9.26406187318e-08, 1.95344767917e-07, 8.07043676332e-08, 7.01650378687e-07, 9.98785409934e-08, 4.07265066116e-09, 5.36930215844e-08, 3.72941173055e-07, 3.25189084549e-08, 1.89238740945e-18, 2.26459924636e-18],
        "max": [2.00358099391e-05, 0.000387907261029, 0.00146382930689, 0.00411054538563, 0.0150037761778, 0.0236212946475, 0.0533388704062, 0.0640063285828, 0.0817460566759, 0.0228438880295, 0.0278220754117, 0.0706212669611, 0.0391434170306, 0.00545999919996, 0.0175143890083, 0.0196247026324, 0.00266967550851, 0.0072441957891, 0.00328956800513, 0.0158120021224, 0.0047380970791, 0.00123306340538, 0.00465244241059, 0.0134096993133, 0.00354805286042, 1.25016601515e-08, 1.2302596275e-08],
        "mean": [2.73040359389e-06, 1.0967104572e-05, 5.92590913584e-05, 0.000114993032184, 0.000771054357756, 0.00107285834383, 0.000909021764528, 0.00116990308743, 0.000837285246234, 0.000531460274942, 0.000224902367336, 0.000296003272524, 0.000169576727785, 9.36477081268e-05, 0.000220771806198, 0.000155109897605, 0.00010926174582, 0.000214983461774, 0.000112298352178, 0.000299460691167, 5.03571864101e-05, 1.62860997079e-05, 4.36100272054e-05, 7.58278110879e-05, 2.66158476734e-05, 1.52941381781e-09, 2.49715526035e-10],
        "median": [1.81090467777e-06, 3.22024334309e-06, 2.67090535999e-06, 1.24314337882e-05, 0.000165035497048, 0.000109682645416, 0.000103186466731, 9.45798892644e-05, 4.05786522606e-05, 2.62030534941e-05, 1.09217135105e-05, 1.30079142764e-05, 2.93194125334e-06, 1.89895781659e-05, 3.40388737641e-06, 3.15913257509e-06, 1.58160419232e-05, 1.35539903567e-05, 2.04752159334e-05, 9.87307430478e-06, 5.14219982506e-06, 2.29583790201e-07, 8.35769000673e-08, 3.50115918479e-08, 4.44503145403e-09, 1.43407263842e-09, 1.99143201929e-11],
        "min": [6.6896288287e-24, 6.6777477946e-24, 2.70043306837e-23, 2.04588362088e-23, 1.68574873835e-23, 1.8390846812e-23, 6.73516755994e-23, 5.08879307819e-23, 8.69623411847e-23, 4.81015005152e-23, 3.20526870675e-23, 7.43520714486e-23, 5.97919268814e-23, 3.3424689731e-23, 2.93979075885e-22, 1.45394701006e-22, 2.19658912282e-22, 2.25920019245e-22, 2.55357379977e-22, 2.58544150842e-22, 3.0802067378e-22, 4.81330865059e-22, 6.86647503534e-22, 8.87094762388e-22, 1.02546283319e-21, 1.95890020764e-21, 2.35649620129e-21],
        "var": [7.76877173703e-12, 1.14550813279e-09, 2.78221108374e-08, 9.42898239487e-08, 2.69327824753e-06, 7.9914852904e-06, 8.92268599273e-06, 1.89213551494e-05, 1.90389891941e-05, 3.32847957907e-06, 2.34446815739e-06, 7.18647561371e-06, 2.96687881018e-06, 8.73078533914e-08, 1.44320040363e-06, 1.28958140522e-06, 7.59300036179e-08, 5.86417399973e-07, 7.9738519787e-08, 1.5486010625e-06, 4.25734398846e-08, 6.12320238957e-09, 6.17903879174e-08, 3.94495344835e-07, 3.77979993971e-08, 6.10767571939e-19, 6.99072824641e-19]
    },
    "erbbands": {
        "dmean": [0.000188822392374, 0.00148367951624, 0.0188922211528, 0.103622175753, 0.483399957418, 0.899452626705, 1.2837048769, 4.50635957718, 6.66516304016, 7.10622024536, 16.133852005, 10.835767746, 8.27198505402, 5.94415616989, 3.9924724102, 9.69103908539, 6.27698993683, 3.08433103561, 3.10291290283, 7.32670688629, 3.47440075874, 3.30200242996, 6.10381603241, 3.70943260193, 3.287576437, 7.49580860138, 2.92435407639, 1.03196120262, 0.393498688936, 0.644211530685, 0.923645138741, 1.14764821529, 1.05194580555, 0.392553776503, 0.0589969344437, 0.00148908549454, 7.88252145867e-05, 9.91850083665e-06, 3.08294397655e-06, 3.20699496115e-06],
        "dmean2": [0.000327496993123, 0.00215001963079, 0.0263846442103, 0.140770837665, 0.662467241287, 1.3623714447, 1.93153238297, 6.16690587997, 10.2311544418, 9.63298511505, 24.5405693054, 14.0575685501, 10.7061796188, 8.14650726318, 5.36513090134, 12.7616119385, 7.94124555588, 4.51644563675, 4.60370922089, 10.6819581985, 3.78059029579, 4.81340837479, 8.00508594513, 5.30371856689, 4.30132961273, 10.3429384232, 4.38968849182, 1.5258667469, 0.514432489872, 0.895825028419, 1.31402313709, 1.59841287136, 1.4398226738, 0.542384445667, 0.085035443306, 0.00210224580951, 0.000110088491056, 1.40339734571e-05, 4.18382614953e-06, 4.10498114434e-06],
        "dvar": [5.27327443933e-08, 2.47609186772e-05, 0.0036599484738, 0.0952172875404, 2.52040433884, 6.31707048416, 17.8976459503, 258.987854004, 1408.32336426, 533.79107666, 10083.3486328, 3235.86938477, 1234.02758789, 3204.80786133, 522.31463623, 9522.41894531, 3122.77905273, 293.046600342, 224.398635864, 1966.5501709, 443.662139893, 105.291389465, 455.084564209, 149.020797729, 109.161903381, 1122.18041992, 129.194137573, 48.4337234497, 4.15827894211, 11.5199537277, 31.1713924408, 105.084381104, 63.0823860168, 6.53190135956, 0.177457943559, 0.00010887037206, 2.7105156164e-07, 3.90145205031e-09, 1.88941029489e-10, 9.73838440443e-11],
        "dvar2": [1.43864482993e-07, 4.72018036817e-05, 0.00738063873723, 0.15358223021, 3.83661675453, 15.2027292252, 40.6118812561, 442.690063477, 3543.55615234, 983.671020508, 23840.2382812, 5156.64746094, 2119.69580078, 6892.41748047, 751.155456543, 18743.8847656, 4701.12402344, 647.228759766, 455.536499023, 4284.34716797, 601.848205566, 209.830764771, 729.067932129, 303.830749512, 187.018051147, 2023.15869141, 277.466278076, 121.954902649, 7.4866900444, 20.5889701843, 50.4131698608, 224.987823486, 124.06842041, 10.5986261368, 0.385116308928, 0.000227780896239, 5.05392392824e-07, 6.68314781294e-09, 3.15095394221e-10, 1.52487383831e-10],
        "max": [0.00302492361516, 0.119659475982, 1.00449967384, 8.06788063049, 44.6525917053, 43.6001014709, 91.8515930176, 265.050598145, 932.417480469, 569.241394043, 1911.33520508, 1923.48376465, 827.434448242, 1771.27844238, 713.85357666, 3485.71704102, 2180.25634766, 370.968200684, 304.929962158, 935.202026367, 735.361999512, 172.775650024, 396.319030762, 195.144134521, 187.081481934, 830.090881348, 185.705718994, 180.833724976, 52.8837623596, 86.4863815308, 155.189819336, 336.082641602, 224.606735229, 68.8329315186, 10.5244226456, 0.266928046942, 0.0135376118124, 0.00168123561889, 0.000375772739062, 0.000196973938728],
        "mean": [0.00025461986661, 0.00357549730688, 0.050184212625, 0.238519027829, 1.44047272205, 2.50965332985, 3.31511855125, 11.2215480804, 13.8255901337, 16.5488910675, 29.2257213593, 19.7641658783, 20.1901035309, 9.96105289459, 8.13903808594, 13.6340427399, 9.04206562042, 5.43595695496, 6.23904848099, 13.9652462006, 6.75044965744, 6.59266853333, 13.1722621918, 7.20060157776, 6.28315448761, 14.9395055771, 4.76731443405, 1.46754717827, 0.572065711021, 0.934393763542, 1.33877587318, 1.37662041187, 1.31999099255, 0.53637522459, 0.0702256038785, 0.00183858838864, 0.000110711298476, 1.50421637954e-05, 7.17712646292e-06, 1.01350215118e-05],
        "median": [0.00017308598035, 0.000542671477888, 0.00361672230065, 0.036602307111, 0.237654358149, 0.432596296072, 0.554656386375, 1.05858671665, 1.79474413395, 1.66834449768, 2.13208222389, 1.29385828972, 1.28533577919, 0.495597183704, 0.533831179142, 0.52423286438, 0.236787483096, 0.844280064106, 0.443153560162, 0.239099577069, 0.270452916622, 0.929798066616, 1.03596782684, 1.09309530258, 0.745623707771, 0.5160831213, 0.309274882078, 0.128981560469, 0.0150921307504, 0.00597293069586, 0.00242518330924, 0.000987184466794, 0.000493695610203, 0.000122001256386, 1.12667021313e-05, 7.67372239352e-06, 4.82128507429e-06, 5.13117299761e-07, 9.34160027555e-07, 1.92503239305e-06],
        "min": [2.249462241e-22, 1.86932721017e-21, 2.1807838137e-20, 7.1355921286e-20, 2.82977453579e-20, 7.01861392658e-20, 7.80669991543e-20, 2.03544372105e-19, 9.96733199382e-19, 5.66536156634e-19, 1.43044208912e-18, 2.45404718128e-18, 1.41990060279e-18, 1.55226201191e-18, 1.6085339716e-18, 3.24371598023e-18, 3.11194714263e-18, 1.58692305092e-18, 1.19750531961e-17, 1.07069249329e-17, 7.77223039458e-18, 1.24810279963e-17, 1.1244610529e-17, 1.15169440292e-17, 1.49191833836e-17, 1.28539044728e-17, 1.45096363362e-17, 1.13960044334e-17, 1.96157941333e-17, 1.76109746806e-17, 1.82264648852e-17, 1.74935630101e-17, 1.52684091121e-17, 1.1499548421e-17, 8.48835208373e-18, 6.74973382784e-18, 3.2815874106e-18, 1.39471698564e-18, 2.80584420067e-19, 3.72628063849e-20],
        "var": [7.88589034073e-08, 0.000122016244859, 0.0167406778783, 0.295841664076, 18.340713501, 26.4395484924, 61.3616294861, 1028.60949707, 1815.18933105, 1605.06665039, 17568.0917969, 10318.4111328, 4213.56005859, 4535.83056641, 2247.24560547, 17029.4941406, 8128.86816406, 556.67578125, 684.918151855, 6162.08007812, 1784.21789551, 259.188873291, 1983.39916992, 359.419830322, 358.587921143, 4078.07177734, 283.233337402, 48.5220336914, 8.53307533264, 22.0094470978, 61.5796012878, 137.752670288, 126.688972473, 15.7895088196, 0.263442724943, 0.000176227098564, 5.49778576442e-07, 9.04575525595e-09, 5.3198556671e-10, 4.90486706806e-10]
    },
    "gfcc": {
        "mean": [-189.371429443, 133.372375488, -176.024185181, 32.1765174866, -77.8747253418, -35.9071350098, -27.4781036377, -4.31571245193, -17.1016330719, -12.7273664474, 0.444999217987, -15.0060338974, -3.29412674904],
        "cov": [[10599.9726562, -904.843322754, -366.085021973, -479.522888184, -1466.29663086, 261.615722656, -1050.27307129, -216.432785034, -256.135650635, -763.835754395, 97.6862411499, -1052.44482422, 172.913482666], [-904.843322754, 1957.17346191, -441.232086182, -480.236053467, 551.855957031, -827.690307617, 473.032897949, -368.168670654, 72.1497268677, -46.0355262756, -32.3071861267, 109.71534729, -65.4986953735], [-366.085021973, -441.232086182, 769.147949219, 309.198486328, -137.687698364, 398.388000488, -253.67124939, 160.209289551, -79.5936203003, -6.54562759399, 35.9394645691, -67.5378570557, 67.4264678955], [-479.522888184, -480.236053467, 309.198486328, 536.284179688, 48.2537269592, 242.567596436, -119.819732666, 171.746948242, 3.01901364326, 48.7243690491, -3.02731132507, 19.3086986542, 37.4062995911], [-1466.29663086, 551.855957031, -137.687698364, 48.2537269592, 464.498413086, -230.470581055, 232.117126465, -50.8649215698, 74.0728149414, 96.6936721802, -58.8900756836, 145.056106567, -34.9886360168], [261.615722656, -827.690307617, 398.388000488, 242.567596436, -230.470581055, 707.015625, -252.718170166, 227.48487854, -71.1078338623, 1.77589726448, 65.9265365601, -93.7347946167, 45.7828330994], [-1050.27307129, 473.032897949, -253.67124939, -119.819732666, 232.117126465, -252.718170166, 438.155731201, -53.4637260437, 39.422706604, 82.6608123779, -30.2541294098, 179.382446289, -53.0816574097], [-216.432785034, -368.168670654, 160.209289551, 171.746948242, -50.8649215698, 227.48487854, -53.4637260437, 262.354797363, 15.8048267365, -2.17245483398, -0.222213059664, -3.15696430206, 49.8691444397], [-256.135650635, 72.1497268677, -79.5936203003, 3.01901364326, 74.0728149414, -71.1078338623, 39.422706604, 15.8048267365, 119.696884155, 42.9488716125, -18.3044719696, 20.0755615234, -10.8736581802], [-763.835754395, -46.0355262756, -6.54562759399, 48.7243690491, 96.6936721802, 1.77589726448, 82.6608123779, -2.17245483398, 42.9488716125, 217.331985474, 24.2415046692, 105.054084778, -24.6615962982], [97.6862411499, -32.3071861267, 35.9394645691, -3.02731132507, -58.8900756836, 65.9265365601, -30.2541294098, -0.222213059664, -18.3044719696, 24.2415046692, 129.03527832, 8.94882774353, -1.74047529697], [-1052.44482422, 109.71534729, -67.5378570557, 19.3086986542, 145.056106567, -93.7347946167, 179.382446289, -3.15696430206, 20.0755615234, 105.054084778, 8.94882774353, 235.362930298, -11.4182348251], [172.913482666, -65.4986953735, 67.4264678955, 37.4062995911, -34.9886360168, 45.7828330994, -53.0816574097, 49.8691444397, -10.8736581802, -24.6615962982, -1.74047529697, -11.4182348251, 86.3771057129]],
        "icov": [[0.000446613266831, -0.000148716251715, 0.000686869199853, -0.000294293771731, 0.00117101869546, -2.81224602077e-05, 0.00033714651363, 0.000382726721, 0.000232666381635, 0.00032970047323, -5.9712507209e-05, 0.00110557908192, -0.000671708956361], [-0.000148716251715, 0.00289946235716, -0.00122258090414, 0.00186656042933, -0.00360515038483, 0.00172163313255, -0.00152981712017, 0.00118364288937, -0.000453257467598, 0.00159273098689, -0.00209885253571, 0.000933913979679, -0.000875144090969], [0.000686869199853, -0.00122258090414, 0.00376453460194, -0.00187518401071, 0.00287279533222, -0.00124603009317, 0.00167786970269, -8.77720376593e-05, 0.00159339129459, -0.000354948017048, 0.00061039935099, 0.00126762408763, -0.00124361610506], [-0.000294293771731, 0.00186656042933, -0.00187518401071, 0.00460132490844, -0.00385692273267, 0.000757249828894, -9.56635703915e-05, -0.00088849599706, -0.000347898254404, 0.00041297529242, -0.00094475899823, -0.000482811359689, -4.2595940613e-05], [0.00117101869546, -0.00360515038483, 0.00287279533222, -0.00385692273267, 0.0107572982088, -0.00135443394538, 0.00111238588579, 0.000243136455538, -0.000228605567827, -0.00156389095355, 0.00339685473591, 0.000614920572843, -0.000357176788384], [-2.81224602077e-05, 0.00172163313255, -0.00124603009317, 0.000757249828894, -0.00135443394538, 0.00431529060006, -0.00015979030286, -0.00147856073454, 0.00118397071492, 7.52124833525e-05, -0.00197622249834, 0.00125872681383, 0.00022315386741], [0.00033714651363, -0.00152981712017, 0.00167786970269, -9.56635703915e-05, 0.00111238588579, -0.00015979030286, 0.00617589009926, -0.00167292496189, 0.00131269136909, -0.000983233447187, 0.00148892879952, -0.00241152266972, 0.00178889418021], [0.000382726721, 0.00118364288937, -8.77720376593e-05, -0.00088849599706, 0.000243136455538, -0.00147856073454, -0.00167292496189, 0.0083813695237, -0.00286373565905, 0.00209468742833, -0.000423817051342, 0.00098547199741, -0.00404086150229], [0.000232666381635, -0.000453257467598, 0.00159339129459, -0.000347898254404, -0.000228605567827, 0.00118397071492, 0.00131269136909, -0.00286373565905, 0.011913318187, -0.00268127652816, 0.000952766567934, 0.00149360881187, 0.000788114964962], [0.00032970047323, 0.00159273098689, -0.000354948017048, 0.00041297529242, -0.00156389095355, 7.52124833525e-05, -0.000983233447187, 0.00209468742833, -0.00268127652816, 0.00842254422605, -0.00260990532115, -0.00106249609962, 3.31935334543e-05], [-5.9712507209e-05, -0.00209885253571, 0.00061039935099, -0.00094475899823, 0.00339685473591, -0.00197622249834, 0.00148892879952, -0.000423817051342, 0.000952766567934, -0.00260990532115, 0.0107899243012, -0.00231908028945, 0.00132940162439], [0.00110557908192, 0.000933913979679, 0.00126762408763, -0.000482811359689, 0.000614920572843, 0.00125872681383, -0.00241152266972, 0.00098547199741, 0.00149360881187, -0.00106249609962, -0.00231908028945, 0.011403570883, -0.00340906577185], [-0.000671708956361, -0.000875144090969, -0.00124361610506, -4.2595940613e-05, -0.000357176788384, 0.00022315386741, 0.00178889418021, -0.00404086150229, 0.000788114964962, 3.31935334543e-05, 0.00132940162439, -0.00340906577185, 0.0161015745252]]
    },
    "melbands": {
        "dmean": [1.57335091444e-06, 7.03140494807e-06, 2.81248449028e-05, 4.65648663521e-05, 4.70126433356e-05, 9.79293108685e-05, 9.90183543763e-05, 8.16472165752e-05, 0.000142047414556, 6.31614093436e-05, 4.07069201174e-05, 2.33907212532e-05, 1.553713264e-05, 2.12517479667e-05, 2.12738141272e-05, 1.19383139463e-05, 5.84126792091e-06, 4.15753447669e-06, 1.19658625408e-05, 7.69863163441e-06, 3.49392780663e-06, 2.81408210867e-06, 6.34475236438e-06, 4.91418177262e-06, 3.17876651934e-06, 2.02565388463e-06, 3.94603466702e-06, 5.53856989427e-06, 2.24060318033e-06, 1.01117461782e-06, 4.61478890657e-07, 2.01120045062e-07, 2.42428711772e-07, 4.44319709914e-07, 5.53677864445e-07, 6.08655625456e-07, 7.22408003639e-07, 7.4866977684e-07, 6.21456365479e-07, 2.73657718708e-07],
        "dmean2": [2.61359377873e-06, 1.01156938399e-05, 3.9079637645e-05, 6.79150325595e-05, 7.09162122803e-05, 0.00013275857782, 0.000148589169839, 0.000112779227493, 0.000219291570829, 8.10080018709e-05, 5.29580829607e-05, 3.28715250362e-05, 2.09590125451e-05, 2.53778434853e-05, 3.26014887833e-05, 1.53937871801e-05, 8.74144461704e-06, 6.18396552454e-06, 1.71318843059e-05, 9.40817608353e-06, 4.61675563201e-06, 4.12924646298e-06, 9.29928683036e-06, 6.53712186249e-06, 4.79887376059e-06, 2.88404999083e-06, 4.99771340401e-06, 7.73807732912e-06, 3.46168030774e-06, 1.60222202794e-06, 6.99165298101e-07, 2.64412562956e-07, 3.36123264333e-07, 6.27445160717e-07, 8.15992336811e-07, 7.770959769e-07, 1.03806428342e-06, 1.00047191154e-06, 9.05809315555e-07, 3.69518176058e-07],
        "dvar": [7.92161388569e-12, 5.5969362478e-10, 6.21705753545e-09, 1.85000299524e-08, 2.20850218113e-08, 1.13998588347e-07, 2.79943236592e-07, 6.50125002721e-08, 8.49443893003e-07, 1.01000622976e-07, 3.04599687695e-08, 4.77760693229e-08, 8.82910633493e-09, 5.26026937564e-08, 4.30572910659e-08, 1.10358744365e-08, 9.2533836149e-10, 3.63356761346e-10, 5.96222404781e-09, 2.24334884003e-09, 4.58401455683e-10, 8.42023464842e-11, 4.99535135479e-10, 3.68835240128e-10, 1.17053311488e-10, 4.57766186068e-11, 2.0638536713e-10, 6.54377219078e-10, 7.349645198e-11, 3.96165045213e-11, 1.04456833808e-11, 1.07988336155e-12, 1.34572171115e-12, 6.33600333658e-12, 9.90867631001e-12, 2.30618336927e-11, 4.47697191819e-11, 3.36803744616e-11, 1.79690724106e-11, 3.42892814836e-12],
        "dvar2": [1.75290996995e-11, 1.14996723255e-09, 1.04222177555e-08, 3.39380399339e-08, 5.28514405573e-08, 1.98132198648e-07, 6.70561234983e-07, 1.20171264939e-07, 1.96793507712e-06, 1.35286398972e-07, 5.24921510703e-08, 1.02281518366e-07, 1.50424028789e-08, 9.32231358775e-08, 1.10603828318e-07, 1.33703021987e-08, 2.01878358475e-09, 7.07972847014e-10, 1.3781384034e-08, 3.31602745263e-09, 7.42887751315e-10, 1.96403809882e-10, 9.45704403676e-10, 5.50020751167e-10, 2.60317573053e-10, 9.18093032154e-11, 3.30086152855e-10, 1.22595467111e-09, 1.51754345201e-10, 1.01608207959e-10, 2.62451536198e-11, 1.90601310776e-12, 2.2634979828e-12, 1.21709847062e-11, 1.81196030402e-11, 4.36117184033e-11, 9.90164200632e-11, 6.39565414517e-11, 3.79597742128e-11, 6.04205878038e-12],
        "max": [5.75006924919e-05, 0.000378700322472, 0.00210646679625, 0.00407449854538, 0.00287406914867, 0.00523588154465, 0.0123927881941, 0.00508383056149, 0.0171660371125, 0.0109884086996, 0.00419683661312, 0.00680270884186, 0.00278258509934, 0.00859228987247, 0.00492551084608, 0.00420556776226, 0.000591921037994, 0.000417107425164, 0.00180095736869, 0.00177625392098, 0.000653804745525, 0.000159492934472, 0.000315273646265, 0.000465353194159, 0.000177301888471, 0.000130855420139, 0.000334156822646, 0.000611082767136, 0.000148678795085, 0.000155100147822, 8.33305093693e-05, 2.45902938332e-05, 2.9960883694e-05, 6.45089094178e-05, 7.51400075387e-05, 0.000158665847266, 0.000217452019569, 0.000172486834344, 0.000105009268736, 4.82557261421e-05],
        "mean": [2.63666402134e-06, 1.87937912415e-05, 7.50011458877e-05, 0.000141301556141, 0.000127640276332, 0.000246466661338, 0.00020770719857, 0.000183593496331, 0.000244700844632, 0.000112550966151, 9.74242211669e-05, 3.78399345209e-05, 2.95274967357e-05, 3.04526402033e-05, 2.63907586486e-05, 1.81778650585e-05, 8.96777964954e-06, 7.95089272287e-06, 1.91864492081e-05, 1.57803133334e-05, 5.94121320319e-06, 4.95378299092e-06, 1.22776618809e-05, 1.05012059066e-05, 5.38002086614e-06, 3.44510203831e-06, 7.19603258403e-06, 1.07642927105e-05, 3.60480044037e-06, 1.34056051593e-06, 5.82022153139e-07, 2.68150103011e-07, 3.67675653479e-07, 6.05123261721e-07, 7.63694856687e-07, 8.19232127469e-07, 8.24504013508e-07, 9.09642778879e-07, 7.92288005869e-07, 3.55529948592e-07],
        "median": [1.36685957841e-06, 1.06077754936e-06, 1.31649385366e-05, 2.99663188343e-05, 2.09808968066e-05, 2.27443124459e-05, 2.43450976996e-05, 1.64140092238e-05, 1.49869747474e-05, 6.83402731738e-06, 6.07187712376e-06, 1.8243094928e-06, 1.67870200585e-06, 1.5870577954e-06, 8.68373547291e-07, 4.36864297626e-07, 1.68453243532e-06, 8.16158944872e-07, 2.07521111406e-07, 2.84436111997e-07, 2.6063560199e-07, 7.33585068247e-07, 1.27026123664e-06, 6.01795420607e-07, 8.33933768263e-07, 5.27662734839e-07, 3.80223724505e-07, 3.07156199142e-07, 1.60844180641e-07, 1.47051466115e-07, 3.62316008307e-08, 4.07228695209e-09, 4.75916817066e-09, 1.93829352568e-09, 1.42057421382e-09, 9.9106800544e-10, 4.7152143301e-10, 3.75466047142e-10, 2.15999967912e-10, 4.84875577189e-11],
        "min": [2.30201267563e-24, 8.42826090886e-24, 1.01454698934e-23, 3.18257530843e-24, 2.80642019919e-24, 6.00052490697e-24, 1.40441743149e-23, 5.85910423477e-24, 1.18267683519e-23, 1.51600685524e-23, 6.68963040642e-24, 6.40695827268e-24, 4.91078416945e-24, 5.90945288761e-24, 1.22888657152e-23, 3.4154671636e-24, 2.44974147406e-24, 1.55652022698e-23, 2.20601276053e-23, 1.17983985471e-23, 8.07493405372e-24, 1.46246339462e-23, 8.42453748539e-24, 1.17184482832e-23, 8.8569957668e-24, 9.73393930297e-24, 1.02751262829e-23, 8.04386634469e-24, 9.31375096409e-24, 7.05290716416e-24, 6.31917659216e-24, 1.21022527795e-23, 8.73981679021e-24, 9.99500493095e-24, 9.43249504071e-24, 1.20227647881e-23, 1.03369706113e-23, 1.00633589395e-23, 1.04548595627e-23, 9.81764612249e-24],
        "var": [2.78644676777e-11, 2.48476927922e-09, 3.0975222387e-08, 1.16466011946e-07, 8.09614633113e-08, 4.44940212674e-07, 4.15444247892e-07, 1.93522609493e-07, 1.4319272168e-06, 3.5154255329e-07, 1.03784920213e-07, 6.71393181051e-08, 3.30936380522e-08, 9.48155474134e-08, 4.90883742543e-08, 3.7300967648e-08, 1.26702726089e-09, 1.00510511025e-09, 1.20308643048e-08, 1.13764446752e-08, 1.26100596631e-09, 1.56634455406e-10, 1.27617627577e-09, 1.59212354411e-09, 1.99824171099e-10, 9.37375871368e-11, 7.46280148789e-10, 2.28385510503e-09, 1.84648116242e-10, 3.63860087893e-11, 1.00739928552e-11, 2.21601491497e-12, 3.03106910231e-12, 1.06773218739e-11, 1.82212561012e-11, 3.55170962085e-11, 5.59104186559e-11, 6.46129261206e-11, 3.84404209852e-11, 7.12617031356e-12]
    },
    "mfcc": {
        "mean": [-799.93359375, 134.33102417, -30.6232509613, 32.0677680969, -20.4441947937, -34.7867698669, -3.30948352814, -13.1664209366, -11.1162967682, -1.94921779633, -6.59149503708, 2.70203089714, -10.7249298096],
        "cov": [[8619.52929688, -435.24508667, -80.4738006592, -857.302368164, -558.769104004, -332.18862915, -655.635742188, -119.074462891, -706.891845703, 322.2137146, -696.729187012, -434.748565674, -158.310241699], [-435.24508667, 1972.16418457, -652.09362793, 173.274215698, -173.195449829, -225.906280518, 47.6008682251, -168.062026978, -31.8567085266, -160.286422729, 49.4644165039, -67.4546661377, -173.549865723], [-80.4738006592, -652.09362793, 816.274353027, -63.7457962036, 172.980529785, 136.896682739, 14.5333604813, 61.2096214294, -17.2693653107, 51.1856040955, -58.9467315674, -22.781747818, 66.7852020264], [-857.302368164, 173.274215698, -63.7457962036, 473.375640869, 109.507461548, -30.0714988708, 46.5518417358, -6.04642152786, 119.198776245, -53.336807251, 62.6641540527, 14.0426416397, -37.5777931213], [-558.769104004, -173.195449829, 172.980529785, 109.507461548, 341.482330322, 76.4662094116, -7.78189086914, 30.7077827454, 52.2086906433, 56.4692344666, -14.4171028137, 10.5564575195, 32.3206977844], [-332.18862915, -225.906280518, 136.896682739, -30.0714988708, 76.4662094116, 224.194290161, 70.854927063, -5.15820407867, 10.7141027451, 1.34512710571, 42.6582946777, 35.1800079346, 39.4352798462], [-655.635742188, 47.6008682251, 14.5333604813, 46.5518417358, -7.78189086914, 70.854927063, 211.617660522, 55.5605621338, 63.1881713867, -43.8840408325, 68.9160995483, 84.9285964966, 20.1524276733], [-119.074462891, -168.062026978, 61.2096214294, -6.04642152786, 30.7077827454, -5.15820407867, 55.5605621338, 197.774780273, 53.9921150208, 21.8343677521, -42.3823699951, 6.74430608749, 20.8625392914], [-706.891845703, -31.8567085266, -17.2693653107, 119.198776245, 52.2086906433, 10.7141027451, 63.1881713867, 53.9921150208, 228.632797241, -1.48162674904, 72.9843597412, 23.033367157, -26.1284561157], [322.2137146, -160.286422729, 51.1856040955, -53.336807251, 56.4692344666, 1.34512710571, -43.8840408325, 21.8343677521, -1.48162674904, 196.790252686, -40.863910675, -36.6576881409, 11.4146442413], [-696.729187012, 49.4644165039, -58.9467315674, 62.6641540527, -14.4171028137, 42.6582946777, 68.9160995483, -42.3823699951, 72.9843597412, -40.863910675, 181.004150391, 77.931060791, -2.49112915993], [-434.748565674, -67.4546661377, -22.781747818, 14.0426416397, 10.5564575195, 35.1800079346, 84.9285964966, 6.74430608749, 23.033367157, -36.6576881409, 77.931060791, 178.828704834, 58.4208679199], [-158.310241699, -173.549865723, 66.7852020264, -37.5777931213, 32.3206977844, 39.4352798462, 20.1524276733, 20.8625392914, -26.1284561157, 11.4146442413, -2.49112915993, 58.4208679199, 133.412124634]],
