{
"lowlevel": {
    "average_loudness": 0.965713143349,
    "barkbands_crest": {
        "dmean": 2.35832810402,
        "dmean2": 3.86340928078,
        "dvar": 5.12296724319,
        "dvar2": 14.0801525116,
        "max": 23.6875801086,
        "mean": 9.89108085632,
        "median": 9.45162773132,
        "min": 3.0583884716,
        "var": 12.6450281143
    },
    "barkbands_flatness_db": {
        "dmean": 0.0240757614374,
        "dmean2": 0.0381867177784,
        "dvar": 0.000512472470291,
        "dvar2": 0.00120526540559,
        "max": 0.501948773861,
        "mean": 0.218920916319,
        "median": 0.203854322433,
        "min": 0.0550612173975,
        "var": 0.00353846349753
    },
    "barkbands_kurtosis": {
        "dmean": 3.3941886425,
        "dmean2": 5.33457136154,
        "dvar": 56.7110099792,
        "dvar2": 144.971801758,
        "max": 132.770721436,
        "mean": 5.65981674194,
        "median": 2.82337379456,
        "min": -1.30753612518,
        "var": 95.4709091187
    },
    "barkbands_skewness": {
        "dmean": 0.495347887278,
        "dmean2": 0.765128910542,
        "dvar": 0.333496183157,
        "dvar2": 0.755405008793,
        "max": 7.76840114594,
        "mean": 1.701597929,
        "median": 1.49732482433,
        "min": -1.86281442642,
        "var": 1.01006424427
    },
    "barkbands_spread": {
        "dmean": 2.74854826927,
        "dmean2": 4.19888019562,
        "dvar": 8.62813282013,
        "dvar2": 18.5247077942,
        "max": 42.945854187,
        "mean": 12.5787277222,
        "median": 12.2122058868,
        "min": 0.552493333817,
        "var": 41.0800628662
    },
    "dissonance": {
        "dmean": 0.0224918648601,
        "dmean2": 0.0375553965569,
        "dvar": 0.000614258926362,
        "dvar2": 0.00138340482954,
        "max": 0.499999940395,
        "mean": 0.455856174231,
        "median": 0.463913559914,
        "min": 0,
        "var": 0.00139969598968
    },
    "dynamic_complexity": 2.09507226944,
    "erbbands_crest": {
        "dmean": 2.44042158127,
        "dmean2": 4.01565885544,
        "dvar": 5.54128265381,
        "dvar2": 13.8097934723,
        "max": 28.1366481781,
        "mean": 9.27684879303,
        "median": 8.50710296631,
        "min": 3.32502150536,
        "var": 17.9129085541
    },
    "erbbands_flatness_db": {
        "dmean": 0.014457735233,
        "dmean2": 0.0217362195253,
        "dvar": 0.000239015367697,
        "dvar2": 0.000498842331581,
        "max": 0.347319304943,
        "mean": 0.217476040125,
        "median": 0.211561620235,
        "min": 0.09822948277,
        "var": 0.0012296581408
    },
    "erbbands_kurtosis": {
        "dmean": 1.04487371445,
        "dmean2": 1.58414566517,
        "dvar": 4.12001180649,
        "dvar2": 8.6176071167,
        "max": 36.3802070618,
        "mean": 1.3412194252,
        "median": 0.217172861099,
        "min": -1.6194756031,
        "var": 15.775478363
    },
    "erbbands_skewness": {
        "dmean": 0.32127097249,
        "dmean2": 0.483079046011,
        "dvar": 0.0998941957951,
        "dvar2": 0.204656913877,
        "max": 5.35713434219,
        "mean": 0.678946256638,
        "median": 0.589021265507,
        "min": -2.07942247391,
        "var": 0.73147559166
    },
    "erbbands_spread": {
        "dmean": 5.29260635376,
        "dmean2": 8.24010181427,
        "dvar": 32.0689697266,
        "dvar2": 68.0673217773,
        "max": 99.3715744019,
        "mean": 28.0653419495,
        "median": 26.9116230011,
        "min": 2.85094666481,
        "var": 127.507507324
    },
    "hfc": {
        "dmean": 4.15779685974,
        "dmean2": 6.72217273712,
        "dvar": 24.870973587,
        "dvar2": 66.5475997925,
        "max": 60.0546722412,
        "mean": 19.5006885529,
        "median": 20.5949211121,
        "min": 1.15960133968e-16,
        "var": 110.019424438
    },
    "melbands_crest": {
        "dmean": 3.30039143562,
        "dmean2": 5.37066411972,
        "dvar": 10.1253261566,
        "dvar2": 26.6553592682,
        "max": 34.0473861694,
        "mean": 14.5967664719,
        "median": 14.2810077667,
        "min": 1.97165322304,
        "var": 23.933965683
    },
    "melbands_flatness_db": {
        "dmean": 0.0248951502144,
        "dmean2": 0.03661820665,
        "dvar": 0.000718663970474,
        "dvar2": 0.00141210225411,
        "max": 0.608574032784,
        "mean": 0.267398864031,
        "median": 0.247621193528,
        "min": 0.00526290433481,
        "var": 0.00614645099267
    },
    "melbands_kurtosis": {
        "dmean": 6.35435247421,
        "dmean2": 9.74129962921,
        "dvar": 138.798675537,
        "dvar2": 333.250244141,
        "max": 198.515396118,
        "mean": 12.3103408813,
        "median": 6.84018802643,
        "min": -1.29705965519,
        "var": 311.876098633
    },
    "melbands_skewness": {
        "dmean": 0.638493478298,
        "dmean2": 0.989127218723,
        "dvar": 0.52800744772,
        "dvar2": 1.20103824139,
        "max": 11.7551374435,
        "mean": 2.41664385796,
        "median": 2.11089420319,
        "min": -0.173247933388,
        "var": 1.62508499622
    },
    "melbands_spread": {
        "dmean": 3.27323865891,
        "dmean2": 4.94121170044,
        "dvar": 19.4620990753,
        "dvar2": 29.626739502,
        "max": 136.372711182,
        "mean": 13.4971551895,
        "median": 12.761847496,
        "min": 0.502131938934,
        "var": 72.4297790527
    },
    "pitch_salience": {
        "dmean": 0.0771791934967,
        "dmean2": 0.127314984798,
        "dvar": 0.00479199131951,
        "dvar2": 0.0130887068808,
        "max": 0.948551237583,
        "mean": 0.568225264549,
        "median": 0.568800210953,
        "min": 0.156403422356,
        "var": 0.011657230556
    },
    "silence_rate_20dB": {
        "dmean": 0,
        "dmean2": 0,
        "dvar": 0,
        "dvar2": 0,
        "max": 1,
        "mean": 1,
        "median": 1,
        "min": 1,
        "var": 0
    },
    "silence_rate_30dB": {
        "dmean": 0.0123647600412,
        "dmean2": 0.0247486457229,
        "dvar": 0.012211818248,
        "dvar2": 0.0349641740322,
        "max": 1,
        "mean": 0.993050217628,
        "median": 1,
        "min": 0,
        "var": 0.00690158922225
    },
    "silence_rate_60dB": {
        "dmean": 0.00772797549143,
        "dmean2": 0.0154679045081,
        "dvar": 0.00766824092716,
        "dvar2": 0.0152287259698,
        "max": 1,
        "mean": 0.0216216221452,
        "median": 0,
        "min": 0,
        "var": 0.0211539324373
    },
    "spectral_centroid": {
        "dmean": 140.16947937,
        "dmean2": 216.205795288,
        "dvar": 76030.15625,
        "dvar2": 84078.15625,
        "max": 10529.8261719,
        "mean": 811.91015625,
        "median": 794.044921875,
        "min": 166.344436646,
        "var": 181705.375
    },
    "spectral_complexity": {
        "dmean": 2.90417313576,
        "dmean2": 4.50116014481,
        "dvar": 6.98928499222,
        "dvar2": 15.3002557755,
        "max": 42,
        "mean": 20.3953666687,
        "median": 22,
        "min": 0,
        "var": 78.5879592896
    },
    "spectral_decrease": {
        "dmean": 3.29519833642e-09,
        "dmean2": 5.4347326639e-09,
        "dvar": 1.55802959077e-17,
        "dvar2": 3.98005297094e-17,
        "max": -2.30941645055e-29,
        "mean": -1.19675682697e-08,
        "median": -1.19726442094e-08,
        "min": -3.99423853992e-08,
        "var": 3.6396046214e-17
    },
    "spectral_energy": {
        "dmean": 0.0126850344241,
        "dmean2": 0.0209427345544,
        "dvar": 0.000229583572946,
        "dvar2": 0.000589183182456,
        "max": 0.154137089849,
        "mean": 0.046937096864,
        "median": 0.0472690835595,
        "min": 1.06050847241e-20,
        "var": 0.000546640658285
    },
    "spectral_energyband_high": {
        "dmean": 8.07708856883e-05,
        "dmean2": 0.000114575443149,
        "dvar": 1.42872274012e-08,
        "dvar2": 2.821796663e-08,
        "max": 0.0017269741511,
        "mean": 0.000229886121815,
        "median": 0.000169442442711,
        "min": 7.84327325385e-21,
        "var": 5.49562528818e-08
    },
    "spectral_energyband_low": {
        "dmean": 0.0088943131268,
        "dmean2": 0.0143494885415,
        "dvar": 0.00018112998805,
        "dvar2": 0.000424348778324,
        "max": 0.123444877565,
        "mean": 0.0213275346905,
        "median": 0.0183515511453,
        "min": 6.50542665188e-23,
        "var": 0.000337658595527
    },
    "spectral_energyband_middle_high": {
        "dmean": 0.00146607751958,
        "dmean2": 0.00231287442148,
        "dvar": 2.7887485885e-06,
        "dvar2": 6.4952705543e-06,
        "max": 0.0208403561264,
        "mean": 0.00540935574099,
        "median": 0.0050858608447,
        "min": 1.37082235096e-21,
        "var": 1.57544745889e-05
    },
    "spectral_energyband_middle_low": {
        "dmean": 0.00790911260992,
        "dmean2": 0.0131274396554,
        "dvar": 0.000109132095531,
        "dvar2": 0.000285722955596,
        "max": 0.10484175384,
        "mean": 0.0219802297652,
        "median": 0.0206389706582,
        "min": 3.66720154525e-22,
        "var": 0.000180698567419
    },
    "spectral_entropy": {
        "dmean": 0.150807961822,
        "dmean2": 0.217716291547,
        "dvar": 0.0328774787486,
        "dvar2": 0.0594447031617,
        "max": 9.80269050598,
        "mean": 7.15875148773,
        "median": 7.30083799362,
        "min": 5.01663684845,
        "var": 0.295938193798
    },
    "spectral_flux": {
        "dmean": 0.0304186940193,
        "dmean2": 0.0487678721547,
        "dvar": 0.00106838508509,
        "dvar2": 0.00213728123344,
        "max": 0.322847038507,
        "mean": 0.100195996463,
        "median": 0.0911254435778,
        "min": 1.0298099179e-10,
        "var": 0.00249222479761
    },
    "spectral_kurtosis": {
        "dmean": 3.87568712234,
        "dmean2": 6.42079210281,
        "dvar": 29.3863773346,
        "dvar2": 68.3993911743,
        "max": 96.8204193115,
        "mean": 7.43569612503,
        "median": 4.47985219955,
        "min": -1.229372859,
        "var": 103.695877075
    },
    "spectral_rms": {
        "dmean": 0.000897121848539,
        "dmean2": 0.00146016711369,
        "dvar": 8.75537750744e-07,
        "dvar2": 2.18049740397e-06,
        "max": 0.0122628565878,
        "mean": 0.00650061899796,
        "median": 0.00679088942707,
        "min": 3.21658585184e-12,
        "var": 3.53420023202e-06
    },
    "spectral_rolloff": {
        "dmean": 192.533660889,
        "dmean2": 301.130828857,
        "dvar": 258862.390625,
        "dvar2": 293159.8125,
        "max": 18217.0898438,
        "mean": 753.925537109,
        "median": 667.529296875,
        "min": 64.599609375,
        "var": 444115.875
    },
    "spectral_skewness": {
        "dmean": 0.363216549158,
        "dmean2": 0.588903307915,
        "dvar": 0.162035122514,
        "dvar2": 0.372993499041,
        "max": 8.13858413696,
        "mean": 1.78062045574,
        "median": 1.51889920235,
        "min": 0.0472989156842,
        "var": 0.925965130329
    },
    "spectral_spread": {
        "dmean": 335521.875,
        "dmean2": 489476.40625,
        "dvar": 1.43081878323e+12,
        "dvar2": 1.20618929357e+12,
        "max": 41494768,
        "mean": 2961126,
        "median": 2874823.75,
        "min": 829403.125,
        "var": 2.3401005056e+12
    },
    "spectral_strongpeak": {
        "dmean": 0.327315598726,
        "dmean2": 0.578427314758,
        "dvar": 0.227904781699,
        "dvar2": 0.590138733387,
        "max": 5.77025222778,
        "mean": 0.686545848846,
        "median": 0.536252200603,
        "min": 0,
        "var": 0.352722555399
    },
    "zerocrossingrate": {
        "dmean": 0.00509902974591,
        "dmean2": 0.00611276784912,
        "dvar": 0.000102998048533,
        "dvar2": 5.76277852815e-05,
        "max": 0.49267578125,
        "mean": 0.0314588882029,
        "median": 0.03076171875,
        "min": 0,
        "var": 0.000354211777449
    },
    "barkbands": {
        "dmean": [0.000475449400255, 0.00593543145806, 0.00406043697149, 0.00262253871188, 0.00277248350903, 0.00242955004796, 0.00197266694158, 0.00137383164838, 0.00108652468771, 0.000643574050628, 0.000384347746149, 0.000343421532307, 0.000367785862181, 0.000266932678642, 0.000424199301051, 0.000152114560478, 0.000109783490188, 0.000117533782031, 7.93026192696e-05, 4.00435710617e-05, 2.89425061055e-05, 2.59867938439e-05, 1.94618787646e-05, 7.69557573221e-06, 1.01544276276e-06, 1.76579340039e-09, 1.87816429076e-09],
        "dmean2": [0.000756538240239, 0.00970586296171, 0.00702442647889, 0.00454286206514, 0.00462577631697, 0.00424624281004, 0.00325287575833, 0.00228005554527, 0.00172453431878, 0.00104077975266, 0.000644157174975, 0.000566811533645, 0.000610905117355, 0.000433766545029, 0.000639142293949, 0.000246524112299, 0.000178970629349, 0.000189106824109, 0.000130906351842, 6.52753515169e-05, 4.45293881057e-05, 3.73494294763e-05, 2.70507553068e-05, 1.22054207168e-05, 1.7522241933e-06, 3.2523836957e-09, 3.45771811183e-09],
        "dvar": [1.57358442721e-06, 0.000104153921711, 5.40919463674e-05, 1.71751362359e-05, 1.47392102008e-05, 2.70108539553e-05, 7.28513759896e-06, 4.7046646614e-06, 2.53779148807e-06, 9.54139636633e-07, 4.59148054688e-07, 2.64304219399e-07, 2.59642263245e-07, 1.94919053342e-07, 4.72497760029e-07, 7.50437436636e-08, 2.8180581424e-08, 3.19252961845e-08, 1.13742437691e-08, 2.70351163678e-09, 1.49101431202e-09, 1.73397873837e-09, 1.34177224886e-09, 3.74582281859e-10, 2.09322437855e-11, 5.39257487451e-18, 6.09647042062e-18],
        "dvar2": [3.63468871001e-06, 0.00026356021408, 0.000158728173119, 4.5767188567e-05, 3.88209045923e-05, 7.5792100688e-05, 1.91317758436e-05, 1.3003596905e-05, 6.42229224468e-06, 2.45222167905e-06, 1.24852454064e-06, 6.42297038667e-07, 6.94808136359e-07, 4.68969886924e-07, 9.17022191516e-07, 1.74270525122e-07, 6.78635245777e-08, 8.21235275339e-08, 3.04399740969e-08, 7.01916347268e-09, 3.61779828317e-09, 3.51765816475e-09, 2.47687825805e-09, 1.02744945885e-09, 6.13341460953e-11, 1.71596318512e-17, 1.94062841734e-17],
        "max": [0.0127479573712, 0.105195328593, 0.0675320476294, 0.0374178290367, 0.0305762793869, 0.0561798140407, 0.0286996681243, 0.0322967767715, 0.0197620950639, 0.0119659053162, 0.00876491330564, 0.00592815410346, 0.00552023481578, 0.00795280467719, 0.00847298186272, 0.00551678705961, 0.00322632258758, 0.00368524505757, 0.00174778618384, 0.000720947049558, 0.000482466944959, 0.000503999355715, 0.000443184515461, 0.000415003800299, 0.000103102604044, 1.89508195803e-08, 2.02707806096e-08],
        "mean": [0.000480616552522, 0.0102910138667, 0.0087111806497, 0.00383164687082, 0.00472289090976, 0.00416135042906, 0.00380125129595, 0.00244473945349, 0.00265960837714, 0.00128324399702, 0.000690551823936, 0.000639592239168, 0.000621728540864, 0.000544827955309, 0.000830795499496, 0.000284784793621, 0.000215565174585, 0.000265951035544, 0.000181021721801, 9.54168281169e-05, 7.22344047972e-05, 5.56581653655e-05, 3.68327091564e-05, 1.35192240123e-05, 1.09029531359e-06, 1.46280998425e-09, 1.55449442207e-09],
        "median": [7.94683510321e-05, 0.00467618182302, 0.0049326363951, 0.0018001999706, 0.0034297243692, 0.00291762733832, 0.0025990055874, 0.00135316431988, 0.00152550125495, 0.00088048633188, 0.000419980235165, 0.000343965599313, 0.000384226528695, 0.00036984772305, 0.000498324690852, 0.000147030412336, 0.000155438232468, 0.000220362984692, 0.000153558590682, 7.60519251344e-05, 5.4036227084e-05, 3.51378657797e-05, 1.62874857779e-05, 7.1777649282e-06, 3.55944763442e-07, 5.74257030816e-10, 6.11774686465e-10],
        "min": [9.42931356467e-24, 1.78558129471e-23, 3.39759678197e-23, 9.62952094039e-24, 8.60448643975e-23, 3.39255122762e-23, 3.36960799705e-23, 7.41835139612e-23, 1.16373593775e-22, 8.90965254777e-23, 6.37507906244e-23, 6.67703040449e-23, 8.89246926398e-23, 5.37786926364e-23, 1.25827378594e-22, 4.82928529273e-23, 2.60572419514e-22, 1.73842868027e-22, 1.9707492266e-22, 4.88128649873e-22, 4.81219692469e-22, 6.5816389457e-22, 7.30556031633e-22, 6.64132479288e-22, 1.11020593194e-21, 1.7760829929e-21, 2.25376646805e-21],
        "var": [1.6303014263e-06, 0.000183959869901, 8.74416291481e-05, 2.36404757743e-05, 1.95703578356e-05, 2.82370820059e-05, 1.65340443345e-05, 1.12621828521e-05, 9.04110493138e-06, 2.18501645577e-06, 7.96354868271e-07, 6.43825671887e-07, 4.83480505409e-07, 4.81457561818e-07, 1.36146888963e-06, 1.96825993726e-07, 5.85974895273e-08, 6.57062315668e-08, 2.69705484612e-08, 7.49682449452e-09, 4.90586460344e-09, 4.81510387118e-09, 3.32766125766e-09, 4.19765777693e-10, 1.24986401437e-11, 4.7577253349e-18, 5.38114696076e-18]
    },
    "erbbands": {
        "dmean": [0.209768652916, 1.26150608063, 4.0740480423, 6.48700666428, 10.5903139114, 9.12797832489, 11.4403305054, 25.2941017151, 26.4538593292, 34.6905136108, 24.9570102692, 28.058511734, 19.2957210541, 18.8130950928, 14.7919149399, 15.1814050674, 18.0568561554, 13.1519708633, 17.2946395874, 16.4733505249, 7.14670944214, 5.88077116013, 6.19125699997, 4.33347177505, 3.24091553688, 1.95634114742, 1.43081378937, 1.01965391636, 0.915455281734, 0.839549601078, 0.510715186596, 0.237529531121, 0.0872311219573, 0.022438371554, 0.000605883076787, 3.29511385644e-05, 7.197711966e-06, 1.88969988812e-06, 5.80711184739e-06, 1.39150606628e-05],
        "dmean2": [0.338548719883, 2.14774513245, 6.97955131531, 11.4417943954, 18.1730613708, 15.5518417358, 19.7933635712, 44.2900314331, 44.3707122803, 58.3131446838, 41.1582679749, 44.4593811035, 31.3631725311, 30.791437149, 24.5894546509, 24.77277565, 29.8809719086, 21.1447372437, 27.3755321503, 24.362329483, 11.2764854431, 9.72718524933, 9.9688615799, 7.08142757416, 5.30026865005, 3.21407747269, 2.25126099586, 1.54530930519, 1.32969105244, 1.17523694038, 0.722366631031, 0.362958788872, 0.141476124525, 0.0385333560407, 0.00104057334829, 5.58202118555e-05, 1.21515513456e-05, 3.1946819945e-06, 9.55751056608e-06, 2.29907745961e-05],
        "dvar": [0.256718426943, 3.65768623352, 45.0563392639, 123.835258484, 326.3152771, 155.640518188, 425.683868408, 3047.86694336, 1580.11645508, 3603.83422852, 1442.17102051, 2039.02197266, 886.601013184, 856.565490723, 722.817077637, 494.238739014, 667.265686035, 424.260040283, 606.373168945, 1269.5123291, 167.901641846, 76.7327728271, 84.2045898438, 25.7925338745, 29.9152545929, 6.65499782562, 3.60816526413, 2.15442657471, 2.06696367264, 2.25175046921, 0.896754622459, 0.258373349905, 0.079407915473, 0.00862331874669, 6.73467138768e-06, 1.21460406177e-08, 1.73117811753e-10, 7.4685032464e-12, 4.85263634831e-11, 2.75696965257e-10],
        "dvar2": [0.635340988636, 9.79852104187, 132.17276001, 354.635528564, 836.282470703, 432.036773682, 1225.8092041, 8484.06152344, 4246.60107422, 9993.41699219, 3851.69726562, 5202.5859375, 2269.50097656, 2194.70654297, 1978.81152344, 1190.35681152, 1828.52905273, 1095.89611816, 1549.18591309, 2083.73974609, 350.01574707, 186.048522949, 213.976913452, 67.6592102051, 81.6003265381, 17.6703834534, 9.01541996002, 5.0829615593, 4.44838809967, 4.24998378754, 1.74236118793, 0.653973698616, 0.228947281837, 0.0252864807844, 1.98228390218e-05, 3.55613103409e-08, 4.91480356413e-10, 2.10086704977e-11, 1.26484392404e-10, 7.1234851351e-10],
        "max": [5.04963302612, 18.7570438385, 64.0398712158, 89.1946868896, 144.755111694, 108.629425049, 236.303909302, 527.624023438, 443.160003662, 857.547058105, 511.116485596, 561.582336426, 425.97756958, 372.729095459, 343.267608643, 272.395935059, 287.379150391, 256.974578857, 289.559570312, 563.793579102, 226.118118286, 130.724304199, 169.636779785, 52.1783599854, 103.609428406, 38.8453102112, 27.2976455688, 21.0597000122, 19.7019348145, 16.860584259, 12.1455888748, 9.38279724121, 6.41042375565, 2.08773350716, 0.0595226064324, 0.00253993878141, 0.000283417321043, 5.31424484507e-05, 7.38009912311e-05, 0.000169825871126],
        "mean": [0.259880721569, 2.47867655754, 9.38296413422, 11.7460412979, 14.9872980118, 15.0587472916, 20.2117557526, 40.3373413086, 51.6102752686, 61.4766845703, 49.8662071228, 70.2174377441, 41.4180755615, 39.638584137, 26.7214069366, 29.1718711853, 32.3399353027, 29.0502796173, 35.9683647156, 34.038356781, 14.9874362946, 12.4389333725, 14.7096061707, 11.101436615, 7.50064229965, 4.71353244781, 3.48214745522, 2.47470164299, 1.99590373039, 1.60346627235, 0.975899755955, 0.434596002102, 0.143307983875, 0.0305181723088, 0.000901362160221, 7.85948504927e-05, 2.46724484896e-05, 5.7678862504e-06, 2.32655856962e-05, 5.29708013346e-05],
        "median": [0.0795945823193, 1.35524988174, 7.02820444107, 9.3474407196, 9.8489780426, 11.0230779648, 13.6149320602, 24.8151531219, 41.2346992493, 29.9891281128, 36.111946106, 29.0036621094, 29.4911804199, 25.395565033, 16.5859718323, 16.1163024902, 20.7294559479, 19.677488327, 25.2181110382, 18.2753295898, 8.43373012543, 9.44867324829, 12.0637435913, 9.72258663177, 6.428399086, 3.83248496056, 2.67207169533, 1.8359105587, 1.3163844347, 0.802271068096, 0.454007655382, 0.207617253065, 0.0826393887401, 0.0141990948468, 0.000493896543048, 6.30772847217e-05, 2.40043173108e-05, 5.36241714144e-06, 2.39142082137e-05, 5.37657906534e-05],
        "min": [7.64409094924e-22, 4.01675674281e-21, 3.97971843842e-20, 2.58718879619e-20, 9.78934715368e-20, 4.08319744058e-19, 2.9867625593e-19, 2.50959075675e-19, 5.11211939122e-19, 6.52120760603e-19, 1.63893989015e-18, 2.26731550069e-18, 2.88325713906e-18, 3.78331443153e-18, 2.77974872029e-18, 2.79376695013e-18, 3.19385043098e-18, 3.58789342541e-18, 4.50466348856e-18, 5.27059468548e-18, 3.78644489656e-18, 1.4649431514e-17, 1.01423146078e-17, 1.3417269891e-17, 1.19020387906e-17, 2.44243770138e-17, 2.20770353044e-17, 1.90270334431e-17, 2.5320377399e-17, 2.16056647779e-17, 1.92832311311e-17, 1.42205962691e-17, 1.24041895348e-17, 1.23593282214e-17, 8.07617956502e-18, 6.25996928613e-18, 3.49396541249e-18, 1.4485802988e-18, 3.79571236965e-19, 2.75069833105e-20],
        "var": [0.285815268755, 7.80019855499, 76.8512268066, 132.612503052, 328.610717773, 210.937667847, 506.093200684, 3277.5769043, 2715.31567383, 8252.35253906, 3225.57983398, 7653.19140625, 2365.75024414, 1831.72338867, 1286.89770508, 1255.81811523, 1280.31616211, 1051.01135254, 1542.70629883, 4241.20849609, 476.871490479, 165.314468384, 188.226547241, 84.4407119751, 51.5630683899, 18.4752063751, 10.8806715012, 6.33034944534, 5.68418931961, 5.63517332077, 2.19528055191, 0.416765481234, 0.0625982955098, 0.00546640250832, 4.25493544753e-06, 9.09657682513e-09, 2.44444853248e-10, 1.50581404984e-11, 1.25604679435e-10, 6.75359823621e-10]
    },
    "gfcc": {
        "mean": [-29.2041568756, 177.79208374, -145.774276733, 50.384563446, -62.0246086121, 4.48501396179, -19.4687004089, -14.6163282394, 6.97428798676, -22.0539455414, 8.68625164032, -21.7257919312, -0.209355250001],
        "cov": [[6924.87158203, -156.933364868, -1744.35620117, 85.383972168, -490.950592041, 77.5816879272, 5.66426753998, 149.503036499, 90.8116760254, 14.0795373917, -0.112541660666, -222.355728149, -49.5605697632], [-156.933364868, 385.569854736, 201.492431641, -135.25, 157.182144165, -52.6990127563, 53.286895752, -33.2410049438, 0.934024035931, -4.73060464859, 0.321491897106, 18.7029743195, 3.42882180214], [-1744.35620117, 201.492431641, 1062.86169434, 111.629997253, 116.303756714, 40.8610534668, -32.3544540405, -46.677822113, -69.7377548218, -52.7664031982, 5.77693510056, 5.769926548, 21.4991054535], [85.383972168, -135.25, 111.629997253, 325.585998535, 17.8279666901, 43.7579689026, 10.9148025513, -18.2594528198, 11.7364091873, -36.7163581848, -34.0334091187, -18.5536994934, -2.48180365562], [-490.950592041, 157.182144165, 116.303756714, 17.8279666901, 294.649688721, 1.91062307358, 72.8137588501, 3.87639117241, 13.0480585098, 23.2756385803, -22.7949256897, 31.8435535431, 29.8726882935], [77.5816879272, -52.6990127563, 40.8610534668, 43.7579689026, 1.91062307358, 111.90813446, 25.023355484, 36.5039405823, 9.42411613464, 10.874871254, 22.1786422729, -17.9159984589, 4.4648680687], [5.66426753998, 53.286895752, -32.3544540405, 10.9148025513, 72.8137588501, 25.023355484, 117.536224365, 42.9871101379, 39.8188743591, 20.4848327637, 1.39541947842, 7.8577337265, -9.46036815643], [149.503036499, -33.2410049438, -46.677822113, -18.2594528198, 3.87639117241, 36.5039405823, 42.9871101379, 137.806091309, 33.1842536926, 39.6763687134, 22.0992794037, -27.9942092896, 17.7551994324], [90.8116760254, 0.934024035931, -69.7377548218, 11.7364091873, 13.0480585098, 9.42411613464, 39.8188743591, 33.1842536926, 87.0565643311, 25.2791099548, 1.30947947502, 10.3792209625, -5.36196660995], [14.0795373917, -4.73060464859, -52.7664031982, -36.7163581848, 23.2756385803, 10.874871254, 20.4848327637, 39.6763687134, 25.2791099548, 74.343536377, 37.4488182068, 2.23331618309, 16.5997676849], [-0.112541660666, 0.321491897106, 5.77693510056, -34.0334091187, -22.7949256897, 22.1786422729, 1.39541947842, 22.0992794037, 1.30947947502, 37.4488182068, 71.751663208, 20.9824562073, 5.33533811569], [-222.355728149, 18.7029743195, 5.769926548, -18.5536994934, 31.8435535431, -17.9159984589, 7.8577337265, -27.9942092896, 10.3792209625, 2.23331618309, 20.9824562073, 74.6448440552, 14.5834302902], [-49.5605697632, 3.42882180214, 21.4991054535, -2.48180365562, 29.8726882935, 4.4648680687, -9.46036815643, 17.7551994324, -5.36196660995, 16.5997676849, 5.33533811569, 14.5834302902, 60.3889465332]],
        "icov": [[0.000631032220554, -0.00206297729164, 0.00149313255679, -0.00152169074863, 0.00143386924174, -0.00134615937714, 0.000994117115624, -0.000884932698682, 0.000636560667772, -0.000394347618567, 0.000388065556763, 0.000367585889762, -0.000111075212772], [-0.00206297729164, 0.0152921555564, -0.00651137717068, 0.00970140099525, -0.0091257141903, 0.00954267755151, -0.00869483780116, 0.0079133072868, -0.00667278515175, 0.00868016760796, -0.00924382917583, 0.00696812430397, -0.00356910936534], [0.00149313255679, -0.00651137717068, 0.00504322862253, -0.0048127095215, 0.00344026042148, -0.00444971816614, 0.00381392217241, -0.00287326402031, 0.00283282389864, -0.0010121098021, 0.00115719565656, -0.000241031782934, 0.000157034388394], [-0.00152169074863, 0.00970140099525, -0.0048127095215, 0.0101587949321, -0.00595576642081, 0.00442921323702, -0.00579967489466, 0.00594136910513, -0.00557525223121, 0.0067594833672, -0.00442170025781, 0.00474145356566, -0.00281298276968], [0.00143386924174, -0.0091257141903, 0.00344026042148, -0.00595576642081, 0.0113293146715, -0.00599580118433, 0.00147355021909, -0.00425793649629, 0.00527990050614, -0.00888667162508, 0.0101244468242, -0.00655566295609, 0.000147353566717], [-0.00134615937714, 0.00954267755151, -0.00444971816614, 0.00442921323702, -0.00599580118433, 0.0188317205757, -0.00819197576493, 0.00422470876947, -0.00553578697145, 0.00831779465079, -0.0131828887388, 0.00973184127361, -0.00479564396665], [0.000994117115624, -0.00869483780116, 0.00381392217241, -0.00579967489466, 0.00147355021909, -0.00819197576493, 0.0202188100666, -0.00940276961774, 0.00140836427454, -0.00697449641302, 0.00801764149219, -0.00884364265949, 0.00899163819849], [-0.000884932698682, 0.0079133072868, -0.00287326402031, 0.00594136910513, -0.00425793649629, 0.00422470876947, -0.00940276961774, 0.0180449038744, -0.0081827538088, 0.00515521503985, -0.0108205573633, 0.0135187041014, -0.00934530701488], [0.000636560667772, -0.00667278515175, 0.00283282389864, -0.00557525223121, 0.00527990050614, -0.00553578697145, 0.00140836427454, -0.0081827538088, 0.0218164362013, -0.0132619291544, 0.0126582691446, -0.0125091755763, 0.00757265323773], [-0.000394347618567, 0.00868016760796, -0.0010121098021, 0.0067594833672, -0.00888667162508, 0.00831779465079, -0.00697449641302, 0.00515521503985, -0.0132619291544, 0.0380345731974, -0.0274633467197, 0.0177306421101, -0.0124936178327], [0.000388065556763, -0.00924382917583, 0.00115719565656, -0.00442170025781, 0.0101244468242, -0.0131828887388, 0.00801764149219, -0.0108205573633, 0.0126582691446, -0.0274633467197, 0.0429145097733, -0.0253821648657, 0.0116646531969], [0.000367585889762, 0.00696812430397, -0.000241031782934, 0.00474145356566, -0.00655566295609, 0.00973184127361, -0.00884364265949, 0.0135187041014, -0.0125091755763, 0.0177306421101, -0.0253821648657, 0.0363856032491, -0.0151788648218], [-0.000111075212772, -0.00356910936534, 0.000157034388394, -0.00281298276968, 0.000147353566717, -0.00479564396665, 0.00899163819849, -0.00934530701488, 0.00757265323773, -0.0124936178327, 0.0116646531969, -0.0151788648218, 0.0276788752526]]
    },
    "melbands": {
        "dmean": [0.00172051787376, 0.0018678404158, 0.00126027897932, 0.000642831902951, 0.000405900529586, 0.000531874014996, 0.000393771915697, 0.000360496051144, 0.000190623861272, 0.000171299470821, 9.61975529208e-05, 7.9963261669e-05, 5.16947548022e-05, 4.0091581468e-05, 4.02510304411e-05, 3.34107753588e-05, 2.71230728686e-05, 2.67669256573e-05, 2.98531631415e-05, 1.6169020455e-05, 7.78428329795e-06, 5.89832734477e-06, 7.36728316042e-06, 6.0485326685e-06, 3.65868572771e-06, 3.01832096739e-06, 2.0627333015e-06, 1.38268762839e-06, 1.05944286588e-06, 7.53616916427e-07, 6.08001585078e-07, 5.54148016363e-07, 5.22398977409e-07, 4.7903478162e-07, 3.4754756939e-07, 2.11333414768e-07, 1.33953378167e-07, 6.64388224436e-08, 5.14757410031e-08, 8.40714520223e-09],
        "dmean2": [0.00277388351969, 0.00317967473529, 0.0022054228466, 0.00107295473572, 0.000699910277035, 0.000928050663788, 0.000660113058984, 0.000609197362792, 0.00031216503703, 0.000270700926194, 0.000157139176736, 0.000131329114083, 8.7008724222e-05, 6.50636065984e-05, 6.78578799125e-05, 5.44601134607e-05, 4.39467439719e-05, 4.30041945947e-05, 4.51124396932e-05, 2.49910481216e-05, 1.25741771626e-05, 9.68383938016e-06, 1.21284374472e-05, 9.86500344879e-06, 6.08017990089e-06, 5.01333943248e-06, 3.38180188919e-06, 2.28199041885e-06, 1.69874249423e-06, 1.20423464978e-06, 9.28599661165e-07, 8.33042861359e-07, 7.86644704931e-07, 6.76505067077e-07, 5.04696856751e-07, 3.23479071085e-07, 2.10985419358e-07, 1.07994218013e-07, 8.77927703868e-08, 1.46232945752e-08],
        "dvar": [1.20814056572e-05, 7.90303511167e-06, 3.95017332266e-06, 8.29215423437e-07, 4.59729818658e-07, 1.29225168166e-06, 3.24457317902e-07, 3.95663477093e-07, 8.71423111448e-08, 7.09515077801e-08, 2.25293330658e-08, 1.58075739165e-08, 8.22105494791e-09, 3.98410460178e-09, 3.04130143292e-09, 2.07337214064e-09, 1.94036853252e-09, 1.54002866015e-09, 2.84114665128e-09, 1.09967279727e-09, 2.29031099641e-10, 8.28559651445e-11, 2.0385546029e-10, 6.49299225497e-11, 1.93596094017e-11, 1.64300413552e-11, 1.4717439073e-11, 3.33859610964e-12, 2.11225546602e-12, 1.04701490533e-12, 8.24762296219e-13, 7.95765417536e-13, 7.69266432239e-13, 8.00985525736e-13, 4.67910595253e-13, 1.64499205815e-13, 9.16476977316e-14, 4.65158239617e-14, 2.92099921724e-14, 1.72543840669e-15],
        "dvar2": [2.99207731587e-05, 2.25991443585e-05, 1.09872644316e-05, 2.1598971216e-06, 1.32503043915e-06, 3.60738408745e-06, 8.62625313403e-07, 1.10963208044e-06, 2.26537437698e-07, 1.81920029263e-07, 5.76133558639e-08, 4.04797191322e-08, 2.28471108699e-08, 9.69891722491e-09, 7.87934961721e-09, 5.73307668006e-09, 5.03128294582e-09, 3.78775499854e-09, 5.30807842125e-09, 2.0500996456e-09, 4.71287009418e-10, 1.99226385389e-10, 5.11260644931e-10, 1.67840061294e-10, 5.09541471516e-11, 4.43002266814e-11, 4.04316823077e-11, 9.15913352106e-12, 5.20595719311e-12, 2.63625514647e-12, 1.94254855257e-12, 1.78975573511e-12, 1.65989574516e-12, 1.52606985208e-12, 9.65939351075e-13, 4.01541918205e-13, 2.37680534976e-13, 1.3338027243e-13, 8.43168511898e-14, 5.11122423208e-15],
        "max": [0.0332059897482, 0.0290694795549, 0.0146010024473, 0.0077726370655, 0.00742291193455, 0.0112140960991, 0.00621439842507, 0.0093493340537, 0.00371956569143, 0.00341569795273, 0.00209165783599, 0.00157671736088, 0.00102902203798, 0.00078394805314, 0.000527262105606, 0.000420244439738, 0.000528586853761, 0.000687304069288, 0.00079941743752, 0.0005475130165, 0.000279109051917, 0.000111956869659, 0.000310358853312, 0.000103226302599, 4.61916934e-05, 5.04429190187e-05, 7.7043157944e-05, 2.43211925408e-05, 1.89510355995e-05, 1.15354914669e-05, 1.35156233227e-05, 1.18287071018e-05, 9.12754421734e-06, 9.94640777208e-06, 8.67834387464e-06, 5.4204888329e-06, 5.76862339585e-06, 5.00893838762e-06, 3.45951025338e-06, 9.60386387305e-07],
        "mean": [0.00258126365952, 0.00445430492982, 0.00223360443488, 0.00107682461385, 0.000703980040271, 0.000876099918969, 0.000791006546933, 0.000643978943117, 0.000396854156861, 0.000415449496359, 0.000191591287148, 0.000163240110851, 9.1004789283e-05, 7.2453127359e-05, 7.42559932405e-05, 5.95437049924e-05, 5.44715112483e-05, 5.26806143171e-05, 5.7469434978e-05, 3.10362120217e-05, 1.45208568938e-05, 1.1682159311e-05, 1.375564716e-05, 1.35076570587e-05, 8.47118099045e-06, 6.42162740405e-06, 4.06467233915e-06, 2.9481054753e-06, 2.30872365137e-06, 1.64409561876e-06, 1.35934112677e-06, 1.13901455734e-06, 1.03364368442e-06, 8.25747918043e-07, 6.14948532984e-07, 3.69517948684e-07, 2.22420794671e-07, 1.01102479277e-07, 6.95453081789e-08, 8.83208439717e-09],
        "median": [0.000982399564236, 0.0037646938581, 0.00185450958088, 0.000790251768194, 0.000512179220095, 0.000581564265303, 0.000616182223894, 0.000315096112899, 0.000295211357297, 0.000198577487026, 0.000124599988339, 0.000103383339592, 5.61894448765e-05, 3.67533939425e-05, 5.03296323586e-05, 3.69664121536e-05, 3.44823347405e-05, 3.44091531588e-05, 3.46372944477e-05, 1.40508554978e-05, 7.35822732167e-06, 8.21486901259e-06, 1.01235418697e-05, 1.05355957203e-05, 7.2344560067e-06, 5.36545803698e-06, 3.01923842017e-06, 2.32611660067e-06, 1.71543274519e-06, 1.1704055396e-06, 9.59473709372e-07, 7.30362216927e-07, 6.12995336269e-07, 3.37443623266e-07, 2.68919194468e-07, 1.71251741676e-07, 1.04756402663e-07, 5.47485292657e-08, 3.22659374774e-08, 2.29032592891e-09],
        "min": [6.46415897135e-24, 1.45102822471e-23, 5.01609473372e-24, 2.05080784842e-23, 1.20878844669e-23, 5.75576424504e-24, 7.7584580469e-24, 8.32226166903e-24, 1.33096864364e-23, 1.6236977284e-23, 1.40326206581e-23, 1.5242340434e-23, 7.86126555551e-24, 1.00675091367e-23, 5.56905625156e-24, 7.93776770838e-24, 6.12022311085e-24, 5.88651991223e-24, 1.09756907759e-23, 4.02002412895e-24, 3.95339496475e-24, 1.4474229726e-23, 1.21320330675e-23, 9.14427445379e-24, 1.11422145798e-23, 7.3235842734e-24, 1.14420740205e-23, 1.72657292128e-23, 1.30521880375e-23, 1.14119127127e-23, 1.03190019376e-23, 1.60845251809e-23, 9.73579628154e-24, 1.29342154668e-23, 1.09398662356e-23, 1.09892173739e-23, 7.39547316769e-24, 7.43788706312e-24, 1.08701640638e-23, 1.03280533277e-23],
        "var": [1.65385044966e-05, 1.40168704093e-05, 4.12474719269e-06, 1.07417099571e-06, 5.34286982656e-07, 1.37855511184e-06, 6.11765813119e-07, 9.18258194815e-07, 2.05650920293e-07, 2.54528401911e-07, 5.84031063511e-08, 3.27382849719e-08, 1.37549580614e-08, 9.63878488136e-09, 5.91468340971e-09, 4.30220659098e-09, 4.33531432975e-09, 4.0403818069e-09, 7.77620812187e-09, 3.56184015615e-09, 6.06178107709e-10, 1.75826214699e-10, 3.02006836206e-10, 1.68448338611e-10, 5.52843569535e-11, 3.48695898544e-11, 2.0589259464e-11, 8.33084035784e-12, 5.36614719673e-12, 2.88839677003e-12, 2.1082220171e-12, 1.96938082161e-12, 1.79269056197e-12, 1.81783017458e-12, 9.80000260629e-13, 3.06007281146e-13, 1.21980767501e-13, 3.66200430711e-14, 2.06297330699e-14, 1.00822448179e-15]
    },
    "mfcc": {
        "mean": [-647.656921387, 172.907669067, -8.0040512085, 35.1140136719, -5.61924505234, 12.520693779, -9.45165157318, 8.36123657227, -7.31504869461, 9.25095272064, 0.0829302594066, 2.72985243797, -5.53839492798],
        "cov": [[6683.23193359, -484.085205078, -1478.44616699, -158.874465942, -694.193786621, -47.6622886658, -257.769439697, 142.69934082, -120.436355591, 331.177459717, 59.8024902344, 8.56020832062, -219.480880737], [-484.085205078, 645.974914551, 76.2690505981, -59.1063270569, 97.4650878906, -24.8606815338, 70.798614502, -31.8285293579, 40.4915122986, -42.2580184937, 18.5752487183, -17.0579681396, 38.3828697205], [-1478.44616699, 76.2690505981, 846.977478027, 93.2940444946, 184.473693848, 30.1285133362, 70.3802185059, -11.7019081116, -32.3000679016, -68.4778060913, -38.4433860779, -2.24021029472, -2.40165448189], [-158.874465942, -59.1063270569, 93.2940444946, 243.977462769, 67.5741958618, 85.5825119019, 2.23678398132, 39.7955093384, 20.9074573517, 5.57479906082, -24.0216903687, -15.5700721741, -12.1583557129], [-694.193786621, 97.4650878906, 184.473693848, 67.5741958618, 201.778900146, 24.8744239807, 73.4811782837, -19.9072551727, 56.4325790405, -38.210483551, -6.19651794434, -9.74588012695, 31.3665237427], [-47.6622886658, -24.8606815338, 30.1285133362, 85.5825119019, 24.8744239807, 140.884124756, -4.38064527512, 41.1263427734, -12.4920530319, 16.4175453186, -27.1156215668, 11.2514123917, -7.98150777817], [-257.769439697, 70.798614502, 70.3802185059, 2.23678398132, 73.4811782837, -4.38064527512, 139.091537476, -11.0734043121, 50.7594680786, -8.25155830383, 46.8559684753, 0.299696773291, 14.5415487289], [142.69934082, -31.8285293579, -11.7019081116, 39.7955093384, -19.9072551727, 41.1263427734, -11.0734043121, 97.676864624, 6.17317247391, 38.0651321411, -0.295563697815, 10.8384332657, -12.0662755966], [-120.436355591, 40.4915122986, -32.3000679016, 20.9074573517, 56.4325790405, -12.4920530319, 50.7594680786, 6.17317247391, 109.098808289, 24.885717392, 28.3424453735, -4.92960929871, 16.4301338196], [331.177459717, -42.2580184937, -68.4778060913, 5.57479906082, -38.210483551, 16.4175453186, -8.25155830383, 38.0651321411, 24.885717392, 95.5651855469, 33.6648521423, 16.3825435638, -18.47315979], [59.8024902344, 18.5752487183, -38.4433860779, -24.0216903687, -6.19651794434, -27.1156215668, 46.8559684753, -0.295563697815, 28.3424453735, 33.6648521423, 87.7569274902, 16.6185817719, 12.6963272095], [8.56020832062, -17.0579681396, -2.24021029472, -15.5700721741, -9.74588012695, 11.2514123917, 0.299696773291, 10.8384332657, -4.92960929871, 16.3825435638, 16.6185817719, 65.2286376953, 18.2021961212], [-219.480880737, 38.3828697205, -2.40165448189, -12.1583557129, 31.3665237427, -7.98150777817, 14.5415487289, -12.0662755966, 16.4301338196, -18.47315979, 12.6963272095, 18.2021961212, 73.9424514771]],
