{
"lowlevel": {
    "average_loudness": 0.973988056183,
    "barkbands_crest": {
        "dmean": 2.69518733025,
        "dmean2": 4.43841600418,
        "dvar": 5.46511936188,
        "dvar2": 14.383482933,
        "max": 24.1522064209,
        "mean": 9.16558074951,
        "median": 8.37255764008,
        "min": 2.30788588524,
        "var": 13.530547142
    },
    "barkbands_flatness_db": {
        "dmean": 0.0204626973718,
        "dmean2": 0.0334906578064,
        "dvar": 0.000287135975668,
        "dvar2": 0.000753782398533,
        "max": 0.347792506218,
        "mean": 0.157991051674,
        "median": 0.152546331286,
        "min": 0.0335070900619,
        "var": 0.00145694380626
    },
    "barkbands_kurtosis": {
        "dmean": 1.86777937412,
        "dmean2": 2.94012880325,
        "dvar": 8.18565368652,
        "dvar2": 20.6402950287,
        "max": 29.8598060608,
        "mean": 1.90799200535,
        "median": 0.576421260834,
        "min": -1.77957451344,
        "var": 16.0116214752
    },
    "barkbands_skewness": {
        "dmean": 0.473852485418,
        "dmean2": 0.724717080593,
        "dvar": 0.261486232281,
        "dvar2": 0.609729349613,
        "max": 5.20209264755,
        "mean": 1.1304911375,
        "median": 0.982320487499,
        "min": -3.70312714577,
        "var": 0.952072203159
    },
    "barkbands_spread": {
        "dmean": 5.37334775925,
        "dmean2": 8.09883403778,
        "dvar": 27.3232460022,
        "dvar2": 63.3231391907,
        "max": 81.9362030029,
        "mean": 24.5635414124,
        "median": 23.7722511292,
        "min": 3.02332758904,
        "var": 97.9080200195
    },
    "dissonance": {
        "dmean": 0.0174808464944,
        "dmean2": 0.0296920333058,
        "dvar": 0.000413752131863,
        "dvar2": 0.000932237191591,
        "max": 0.499999940395,
        "mean": 0.468613117933,
        "median": 0.473759889603,
        "min": 0,
        "var": 0.000672640861012
    },
    "dynamic_complexity": 2.57502675056,
    "erbbands_crest": {
        "dmean": 2.72631502151,
        "dmean2": 4.31228923798,
        "dvar": 7.61529541016,
        "dvar2": 17.7125015259,
        "max": 30.4137172699,
        "mean": 9.30365943909,
        "median": 8.05005931854,
        "min": 2.19596242905,
        "var": 25.553194046
    },
    "erbbands_flatness_db": {
        "dmean": 0.0150895100087,
        "dmean2": 0.0217613261193,
        "dvar": 0.000199279820663,
        "dvar2": 0.000392277754145,
        "max": 0.360772281885,
        "mean": 0.178420349956,
        "median": 0.173702389002,
        "min": 0.0460412353277,
        "var": 0.00161269749515
    },
    "erbbands_kurtosis": {
        "dmean": 0.853859961033,
        "dmean2": 1.34471929073,
        "dvar": 1.67247009277,
        "dvar2": 3.99752736092,
        "max": 18.2193984985,
        "mean": 0.362226814032,
        "median": -0.324962377548,
        "min": -1.66560173035,
        "var": 4.02892971039
    },
    "erbbands_skewness": {
        "dmean": 0.351850003004,
        "dmean2": 0.529366254807,
        "dvar": 0.111735276878,
        "dvar2": 0.246600136161,
        "max": 2.90530204773,
        "mean": 0.201455816627,
        "median": 0.203851133585,
        "min": -3.56199026108,
        "var": 0.572569966316
    },
    "erbbands_spread": {
        "dmean": 7.66857719421,
        "dmean2": 11.5483131409,
        "dvar": 60.1692619324,
        "dvar2": 136.704223633,
        "max": 116.876464844,
        "mean": 38.1591415405,
        "median": 37.1178817749,
        "min": 4.14402770996,
        "var": 270.019073486
    },
    "hfc": {
        "dmean": 5.28827476501,
        "dmean2": 7.83196258545,
        "dvar": 33.0517311096,
        "dvar2": 66.9537811279,
        "max": 89.7325057983,
        "mean": 26.5432186127,
        "median": 26.3530883789,
        "min": 1.17915046306e-16,
        "var": 232.646286011
    },
    "melbands_crest": {
        "dmean": 3.57100749016,
        "dmean2": 5.94405555725,
        "dvar": 10.8343715668,
        "dvar2": 28.1286258698,
        "max": 33.3713912964,
        "mean": 13.1307277679,
        "median": 12.3297929764,
        "min": 2.07712507248,
        "var": 19.1970825195
    },
    "melbands_flatness_db": {
        "dmean": 0.0232352688909,
        "dmean2": 0.0355743281543,
        "dvar": 0.000485184398713,
        "dvar2": 0.00114981713705,
        "max": 0.373218148947,
        "mean": 0.17235571146,
        "median": 0.166818097234,
        "min": 0.00826654490083,
        "var": 0.00224423408508
    },
    "melbands_kurtosis": {
        "dmean": 5.34061479568,
        "dmean2": 8.56311893463,
        "dvar": 79.8494873047,
        "dvar2": 200.421676636,
        "max": 106.392044067,
        "mean": 8.7225818634,
        "median": 4.72910642624,
        "min": -1.71254730225,
        "var": 147.659561157
    },
    "melbands_skewness": {
        "dmean": 0.705511510372,
        "dmean2": 1.08666288853,
        "dvar": 0.574563384056,
        "dvar2": 1.38168358803,
        "max": 9.44991493225,
        "mean": 2.19154930115,
        "median": 1.98613929749,
        "min": -1.19617605209,
        "var": 2.13052010536
    },
    "melbands_spread": {
        "dmean": 7.11808872223,
        "dmean2": 11.0833110809,
        "dvar": 118.736587524,
        "dvar2": 299.061950684,
        "max": 203.363037109,
        "mean": 27.5539875031,
        "median": 26.8650760651,
        "min": 2.67011880875,
        "var": 263.058990479
    },
    "pitch_salience": {
        "dmean": 0.0734916105866,
        "dmean2": 0.121008180082,
        "dvar": 0.00461883330718,
        "dvar2": 0.0122061111033,
        "max": 0.962496876717,
        "mean": 0.556559383869,
        "median": 0.557443082333,
        "min": 0.109940990806,
        "var": 0.0101479301229
    },
    "silence_rate_20dB": {
        "dmean": 0,
        "dmean2": 0,
        "dvar": 0,
        "dvar2": 0,
        "max": 1,
        "mean": 1,
        "median": 1,
        "min": 1,
        "var": 0
    },
    "silence_rate_30dB": {
        "dmean": 0,
        "dmean2": 0,
        "dvar": 0,
        "dvar2": 0,
        "max": 1,
        "mean": 1,
        "median": 1,
        "min": 1,
        "var": 0
    },
    "silence_rate_60dB": {
        "dmean": 0.00772797549143,
        "dmean2": 0.0154679045081,
        "dvar": 0.0076682115905,
        "dvar2": 0.0183222964406,
        "max": 1,
        "mean": 0.0610038600862,
        "median": 0,
        "min": 0,
        "var": 0.0572829730809
    },
    "spectral_centroid": {
        "dmean": 249.019683838,
        "dmean2": 381.566802979,
        "dvar": 123950.085938,
        "dvar2": 195245.40625,
        "max": 11173.0576172,
        "mean": 1492.13452148,
        "median": 1482.76672363,
        "min": 372.390106201,
        "var": 289417.15625
    },
    "spectral_complexity": {
        "dmean": 4.01700162888,
        "dmean2": 6.05259084702,
        "dvar": 12.7632646561,
        "dvar2": 27.6414699554,
        "max": 54,
        "mean": 26.5660228729,
        "median": 29,
        "min": 0,
        "var": 127.422225952
    },
    "spectral_decrease": {
        "dmean": 2.65183586201e-09,
        "dmean2": 4.32067315259e-09,
        "dvar": 1.04617213023e-17,
        "dvar2": 2.73034370384e-17,
        "max": 6.65076933982e-29,
        "mean": -8.63298943443e-09,
        "median": -8.38417868465e-09,
        "min": -3.04956202513e-08,
        "var": 2.43915528327e-17
    },
    "spectral_energy": {
        "dmean": 0.0103208320215,
        "dmean2": 0.0167656056583,
        "dvar": 0.00015414430527,
        "dvar2": 0.000401169032557,
        "max": 0.118787698448,
        "mean": 0.0349904373288,
        "median": 0.0340906754136,
        "min": 1.04442207132e-20,
        "var": 0.000381337362342
    },
    "spectral_energyband_high": {
        "dmean": 0.000261968758423,
        "dmean2": 0.000376515090466,
        "dvar": 1.24771375454e-07,
        "dvar2": 2.15848231733e-07,
        "max": 0.00878959242254,
        "mean": 0.000894581608009,
        "median": 0.000695798778906,
        "min": 7.47434908507e-21,
        "var": 6.9144778081e-07
    },
    "spectral_energyband_low": {
        "dmean": 0.00713187269866,
        "dmean2": 0.0119033651426,
        "dvar": 0.000138412040542,
        "dvar2": 0.000380989862606,
        "max": 0.0924865007401,
        "mean": 0.0120215425268,
        "median": 0.00884787086397,
        "min": 4.80742753477e-23,
        "var": 0.000154986555572
    },
    "spectral_energyband_middle_high": {
        "dmean": 0.00289870565757,
        "dmean2": 0.00414520129561,
        "dvar": 1.54125700647e-05,
        "dvar2": 3.05392823066e-05,
        "max": 0.0802958905697,
        "mean": 0.00976969581097,
        "median": 0.00690062856302,
        "min": 1.61399497277e-21,
        "var": 8.55632533785e-05
    },
    "spectral_energyband_middle_low": {
        "dmean": 0.00538217229769,
        "dmean2": 0.00862524658442,
        "dvar": 5.07555087097e-05,
        "dvar2": 0.000131021632114,
        "max": 0.0611241273582,
        "mean": 0.0137045271695,
        "median": 0.0115034217015,
        "min": 1.93231087459e-22,
        "var": 0.00010359420412
    },
    "spectral_entropy": {
        "dmean": 0.124843500555,
        "dmean2": 0.172814249992,
        "dvar": 0.0176802910864,
        "dvar2": 0.0297023430467,
        "max": 9.80027103424,
        "mean": 7.69844865799,
        "median": 7.75072097778,
        "min": 5.84884595871,
        "var": 0.128902241588
    },
    "spectral_flux": {
        "dmean": 0.0259536076337,
        "dmean2": 0.0402812846005,
        "dvar": 0.0007093178574,
        "dvar2": 0.0014349402627,
        "max": 0.282786160707,
        "mean": 0.0973094627261,
        "median": 0.0908744931221,
        "min": 1.02196973106e-10,
        "var": 0.00210487493314
    },
    "spectral_kurtosis": {
        "dmean": 1.33560812473,
        "dmean2": 2.2741985321,
        "dvar": 1.62912130356,
        "dvar2": 4.55700731277,
        "max": 15.4572982788,
        "mean": 2.56698775291,
        "median": 2.16608476639,
        "min": -1.21923041344,
        "var": 3.50713610649
    },
    "spectral_rms": {
        "dmean": 0.000806194671895,
        "dmean2": 0.00127796409652,
        "dvar": 7.05852698957e-07,
        "dvar2": 1.79911114628e-06,
        "max": 0.0107652423903,
        "mean": 0.00553030520678,
        "median": 0.00576707860455,
        "min": 3.19209697737e-12,
        "var": 3.55274892172e-06
    },
    "spectral_rolloff": {
        "dmean": 437.187011719,
        "dmean2": 699.987609863,
        "dvar": 507407.46875,
        "dvar2": 899702.125,
        "max": 18970.7519531,
        "mean": 1467.68200684,
        "median": 1270.45898438,
        "min": 150.732421875,
        "var": 1256543.25
    },
    "spectral_skewness": {
        "dmean": 0.192277476192,
        "dmean2": 0.313005745411,
        "dvar": 0.0319927148521,
        "dvar2": 0.079182215035,
        "max": 3.30975937843,
        "mean": 1.13108932972,
        "median": 1.08445417881,
        "min": 0.00111412734259,
        "var": 0.101259514689
    },
    "spectral_spread": {
        "dmean": 400192.96875,
        "dmean2": 519402.40625,
        "dvar": 1.15527765197e+12,
        "dvar2": 809996779520,
        "max": 41661188,
        "mean": 4034614.5,
        "median": 3825820,
        "min": 2445217,
        "var": 2.43135833702e+12
    },
    "spectral_strongpeak": {
        "dmean": 0.87859672308,
        "dmean2": 1.5013730526,
        "dvar": 1.86855709553,
        "dvar2": 4.4346075058,
        "max": 10.0049676895,
        "mean": 1.37774896622,
        "median": 0.528857648373,
        "min": 0,
        "var": 3.09367775917
    },
    "zerocrossingrate": {
        "dmean": 0.00863888021559,
        "dmean2": 0.0103721059859,
        "dvar": 0.000227231241297,
        "dvar2": 0.000212917191675,
        "max": 0.5146484375,
        "mean": 0.0611015185714,
        "median": 0.05615234375,
        "min": 0.0009765625,
        "var": 0.000953109643888
    },
    "barkbands": {
        "dmean": [0.00032706343336, 0.00353117147461, 0.00441581523046, 0.00141523149796, 0.00295878993347, 0.000884071108885, 0.000650304311421, 0.00114775879774, 0.000979445758276, 0.00129895203281, 0.000617983401753, 0.000800621404778, 0.000519888475537, 0.000411452667322, 0.00048076355597, 0.000460667011794, 0.000267496448942, 0.000189794547623, 0.000179871916771, 0.000127540464746, 8.9618122729e-05, 7.28141094442e-05, 5.36036750418e-05, 6.41862789053e-05, 3.05070479953e-05, 1.28065946736e-09, 1.31502686518e-09],
        "dmean2": [0.000524441653397, 0.00599997444078, 0.00788062997162, 0.00241025350988, 0.00484152464196, 0.00144880951848, 0.00109830556903, 0.00171045493335, 0.00153484742623, 0.00188231782522, 0.000886362860911, 0.00120362499729, 0.000775728141889, 0.000631176691968, 0.000764339696616, 0.000738468836062, 0.00043830886716, 0.000301639229292, 0.000294413883239, 0.000200038644834, 0.000141416923725, 0.000114855050924, 8.17972468212e-05, 9.01100720512e-05, 4.3445987103e-05, 2.34005814725e-09, 2.41935227407e-09],
        "dvar": [5.01416593579e-07, 2.80628155451e-05, 7.59982722229e-05, 4.97062046634e-06, 2.78525239992e-05, 1.73891817212e-06, 2.56071302829e-06, 6.1510827436e-06, 3.95821143684e-06, 9.53081780608e-06, 3.27142242895e-06, 3.51517269337e-06, 2.20118226935e-06, 1.22599124097e-06, 1.49140134909e-06, 1.44823411574e-06, 1.2657461923e-07, 6.08460055673e-08, 3.87330167939e-08, 1.92011651023e-08, 1.04362678499e-08, 1.09589031183e-08, 5.89591708788e-09, 2.57411407745e-08, 9.48656264654e-09, 2.77806416697e-18, 3.06808981976e-18],
        "dvar2": [1.20162917483e-06, 7.95120504336e-05, 0.000217586042709, 1.29438349177e-05, 7.30936735636e-05, 4.36425261796e-06, 5.65076743442e-06, 1.28824212879e-05, 9.14620432013e-06, 1.76177636604e-05, 6.39257314106e-06, 7.46754813008e-06, 4.16326929553e-06, 2.77131698567e-06, 3.7417976273e-06, 3.47161335412e-06, 3.22476694237e-07, 1.25377809468e-07, 9.96640068252e-08, 4.9157268478e-08, 2.48475533482e-08, 2.41193358619e-08, 1.32370461259e-08, 4.42434817671e-08, 1.87636874927e-08, 8.52289431893e-18, 9.34357246469e-18],
        "max": [0.00562993390486, 0.0424505732954, 0.0645677149296, 0.0272024646401, 0.0450154803693, 0.0184919778258, 0.0361799634993, 0.0479771383107, 0.0296033136547, 0.0715972930193, 0.0329905226827, 0.0360843613744, 0.034810680896, 0.02262846753, 0.0229325182736, 0.0290763452649, 0.00549056334421, 0.00581995630637, 0.00267047085799, 0.00163003744092, 0.00148537033238, 0.00184386176988, 0.00167527643498, 0.00499648740515, 0.00223055295646, 1.18709966301e-08, 1.23353816051e-08],
        "mean": [0.000295907026157, 0.00534060876817, 0.00527665996924, 0.00194546720013, 0.0049363556318, 0.00155915494543, 0.000914802425541, 0.0020813557785, 0.00176818633918, 0.00270937150344, 0.00117912527639, 0.00140941957943, 0.000809337536339, 0.000599559338298, 0.000784460746218, 0.000884268665686, 0.000558293715585, 0.000418155483203, 0.000449452491011, 0.000326673412928, 0.00023403459636, 0.000183315263712, 0.000135146503453, 0.000140758958878, 5.05947464262e-05, 1.28758226303e-09, 1.06548447842e-09],
        "median": [4.76131826872e-05, 0.00375505140983, 0.00324642495252, 0.00103788764682, 0.00263838795945, 0.00106055114884, 0.000436545640696, 0.000680217402987, 0.00082784256665, 0.000678773445543, 0.000283284520265, 0.000486200442538, 0.000284319889033, 0.000250435841735, 0.000278072227957, 0.000493158935569, 0.000448040431365, 0.000322223233525, 0.000399651908083, 0.000284541660221, 0.000198510155315, 0.000124544530991, 8.67650378495e-05, 6.73287431709e-05, 1.5593101125e-05, 6.9535716074e-10, 4.05368710821e-10],
        "min": [8.54107590692e-24, 3.79918756725e-23, 2.25531842093e-24, 1.35257144176e-24, 4.54390634057e-23, 7.51141205494e-24, 6.19761438884e-23, 1.69372222883e-23, 4.11392602903e-23, 3.86080675473e-23, 8.38597954206e-23, 7.97845336734e-23, 9.50552399678e-23, 4.52183275026e-23, 1.264830924e-22, 1.19411427702e-22, 2.00550151559e-22, 1.77626976991e-22, 3.65551428695e-22, 4.34090895315e-22, 4.31320011919e-22, 4.33373372679e-22, 5.61203069578e-22, 1.009181148e-21, 1.08938535567e-21, 1.73499275558e-21, 2.27340433356e-21],
        "var": [4.82240295696e-07, 3.19179671351e-05, 5.79369698244e-05, 6.90216666044e-06, 4.09864369431e-05, 3.09925644615e-06, 4.72961482956e-06, 1.76678295247e-05, 7.56349299991e-06, 3.46790111507e-05, 9.64813898463e-06, 7.67337041907e-06, 3.81790960091e-06, 1.7709602389e-06, 3.35889581038e-06, 3.32981198881e-06, 2.85585628035e-07, 1.66427739146e-07, 1.06559660651e-07, 6.10053518812e-08, 3.67750629948e-08, 3.64687195997e-08, 2.34475283634e-08, 7.97131320951e-08, 1.96285601106e-08, 2.37017437589e-18, 2.61810770243e-18]
    },
    "erbbands": {
        "dmean": [0.0923045277596, 0.891847848892, 4.40542268753, 4.87555360794, 8.42184066772, 9.22525310516, 11.8031311035, 6.89415168762, 9.32397079468, 13.4563760757, 23.8646411896, 20.1796092987, 37.2853393555, 25.8125762939, 30.3007240295, 25.4080524445, 24.6536769867, 16.0671901703, 24.0977115631, 21.2080497742, 24.1900119781, 14.8469619751, 11.1317873001, 9.64630889893, 7.20028352737, 5.98433065414, 3.9056084156, 3.47645545006, 2.86016368866, 1.90017950535, 1.62793123722, 1.53734612465, 0.96761238575, 0.514549732208, 0.105599462986, 0.0025714833755, 0.00011841844389, 1.31971873998e-05, 6.28466568742e-06, 1.17002018669e-05],
        "dmean2": [0.159135773778, 1.52268862724, 7.80455589294, 8.34709644318, 14.1195983887, 15.7282524109, 18.5974636078, 11.3667125702, 15.5165891647, 21.5881118774, 35.8075904846, 31.5461349487, 54.0142059326, 37.7163658142, 43.2502784729, 38.3046646118, 36.4442253113, 24.7016181946, 37.8868865967, 33.7090110779, 39.2329940796, 23.8188400269, 17.5585632324, 15.8928833008, 11.6641159058, 9.45771789551, 6.1707406044, 5.48206281662, 4.59876585007, 3.02465772629, 2.47724461555, 2.2947177887, 1.32239615917, 0.724952697754, 0.159497231245, 0.00382610806264, 0.000169594815816, 1.82355888683e-05, 9.77996842266e-06, 1.89354013855e-05],
        "dvar": [0.0355541445315, 1.68189632893, 68.627784729, 82.3476638794, 238.556152344, 327.537719727, 284.554473877, 129.734954834, 641.252380371, 937.264221191, 2727.85742188, 2095.81054688, 5759.24853516, 3888.83740234, 5570.34912109, 4140.15820312, 4520.88867188, 1646.41918945, 3673.80908203, 1996.72509766, 4552.80273438, 429.582824707, 217.840805054, 107.070526123, 67.5434951782, 42.0912322998, 21.4359645844, 16.7770271301, 18.5687789917, 6.97227144241, 5.61427736282, 12.3519525528, 6.03505277634, 2.33378744125, 0.177535235882, 0.000100092496723, 1.72710798552e-07, 1.60869895183e-09, 6.77059311394e-11, 1.84749132659e-10],
        "dvar2": [0.098341293633, 4.7807393074, 196.686431885, 224.445144653, 624.789550781, 894.984619141, 686.472167969, 332.586883545, 1273.73010254, 2358.63232422, 6085.39257812, 4705.08447266, 11324.6103516, 7615.99853516, 11675.0800781, 8520.20605469, 8424.38085938, 3875.23193359, 9095.33105469, 4741.85986328, 10865.0439453, 1066.86364746, 419.057342529, 280.779205322, 166.257553101, 107.600334167, 54.6235275269, 38.2145233154, 42.7712364197, 16.224653244, 13.0609579086, 25.6712684631, 9.78920555115, 4.14313650131, 0.421472430229, 0.000233085040236, 3.69949447077e-07, 3.0664344397e-09, 1.45149697817e-10, 4.81032380595e-10],
        "max": [1.48817873001, 12.1644611359, 66.5529327393, 107.391830444, 115.20009613, 172.414291382, 219.925354004, 202.327789307, 657.074890137, 614.388366699, 934.043823242, 932.991943359, 1528.98010254, 1184.13720703, 1177.74182129, 1472.48364258, 1567.69750977, 633.330749512, 992.545837402, 659.029846191, 1911.48242188, 329.285339355, 393.83807373, 129.6612854, 101.747703552, 72.9864196777, 74.3343811035, 51.3258552551, 75.3380813599, 40.8564796448, 47.3991737366, 104.745445251, 65.6584014893, 32.6870079041, 10.5129871368, 0.253959000111, 0.0108355423436, 0.00107731216121, 0.000206846365472, 0.00013336147822],
        "mean": [0.109848998487, 1.37354838848, 5.76998519897, 6.77905702591, 10.590133667, 13.8153915405, 22.0253810883, 12.0291032791, 14.6661682129, 22.5206794739, 43.6991729736, 38.0069503784, 80.1519851685, 52.9721717834, 60.810508728, 49.0287590027, 40.8350944519, 26.4131793976, 39.4491195679, 40.5640602112, 49.3045082092, 33.1625595093, 25.108997345, 23.7163791656, 19.5428218842, 15.3800058365, 10.2614850998, 8.95909309387, 7.00753259659, 4.54411649704, 3.97919201851, 3.49904084206, 1.97067904472, 0.943032860756, 0.155958294868, 0.00398641265929, 0.00022718301625, 3.19232749462e-05, 2.43623908318e-05, 4.29238752986e-05],
        "median": [0.0526630319655, 1.04894697666, 4.0871014595, 3.86598825455, 4.7977976799, 7.72739601135, 12.2066040039, 7.73220014572, 7.214635849, 10.1075191498, 14.9066829681, 20.946269989, 31.2033252716, 16.7179832458, 19.7955245972, 19.6404628754, 14.959444046, 13.2953586578, 16.0211582184, 19.282371521, 29.6103229523, 26.0865345001, 20.0504951477, 21.42096138, 17.7502479553, 13.4467697144, 8.92764854431, 7.23598766327, 4.86234664917, 3.1378493309, 2.47364521027, 1.79505479336, 0.840896725655, 0.329105526209, 0.0323906354606, 0.000967930303887, 8.72379750945e-05, 1.70363764482e-05, 2.37437343458e-05, 4.23809869972e-05],
        "min": [1.3605084427e-21, 7.53902830818e-21, 4.4458284128e-21, 4.07721766792e-21, 1.55062340589e-20, 1.8836622825e-19, 2.13439300463e-19, 8.89746227641e-20, 6.70528837955e-19, 7.73386782572e-19, 5.8439281471e-19, 6.92349810815e-19, 1.59324529574e-18, 1.40900456617e-18, 3.52104771934e-18, 3.92706146479e-18, 4.46001724218e-18, 2.50046028545e-18, 5.379421462e-18, 5.99690889414e-18, 7.79574796657e-18, 1.14766801857e-17, 9.73128690704e-18, 1.9045851802e-17, 2.1269915476e-17, 1.55031795135e-17, 1.89779998307e-17, 1.4938860356e-17, 1.61145619391e-17, 1.36923033088e-17, 1.84647292975e-17, 2.14288747743e-17, 1.5754918698e-17, 1.09383378082e-17, 8.16421557044e-18, 5.31725883897e-18, 3.58026144349e-18, 1.51102426664e-18, 3.33489754672e-19, 2.90092596252e-20],
        "var": [0.0304736047983, 1.97023308277, 53.934337616, 89.4979019165, 270.507293701, 354.770385742, 797.358459473, 210.316452026, 1384.96484375, 1512.72375488, 6901.90673828, 3810.69726562, 19952.4726562, 11508.7998047, 17254.0058594, 8955.52441406, 8438.77050781, 2198.54370117, 6004.02734375, 4712.61669922, 9697.95019531, 1052.02148438, 627.208740234, 277.675842285, 202.783935547, 134.919433594, 66.0230865479, 59.5726776123, 54.5085601807, 22.66431427, 21.5064601898, 35.3307495117, 19.1532287598, 5.7536149025, 0.262424975634, 0.000156322392286, 3.31649289365e-07, 3.91114340914e-09, 2.38596892244e-10, 5.1450427252e-10]
    },
    "gfcc": {
        "mean": [5.99816322327, 120.166473389, -153.238616943, 60.723285675, -71.2810668945, 23.2452545166, -33.2448387146, 4.8862080574, -10.5910129547, -20.1143531799, 0.208224281669, -17.7433166504, 7.99186706543],
        "cov": [[7049.13525391, 587.598327637, -250.268493652, 393.149993896, -280.995361328, 195.836654663, 119.643531799, -31.2274494171, 48.9268722534, -29.579864502, 70.2726211548, -214.00920105, -74.8398132324], [587.598327637, 772.467529297, 2.20322751999, 165.434295654, 196.604812622, -91.5331115723, 271.202484131, -126.007316589, 40.9451332092, -112.444313049, 1.93672513962, -88.8591766357, 7.02815294266], [-250.268493652, 2.20322751999, 429.381530762, 178.260375977, 42.4577598572, 10.8710308075, -52.9463386536, 39.7463760376, -75.8790206909, 29.7374725342, -56.1795654297, -24.1933078766, -26.1355075836], [393.149993896, 165.434295654, 178.260375977, 288.608642578, 76.0941696167, -11.5180864334, 31.7162742615, -15.5219764709, -0.257234841585, -18.017698288, -25.9481620789, -46.3151016235, -7.71207046509], [-280.995361328, 196.604812622, 42.4577598572, 76.0941696167, 219.071411133, -36.1279258728, 27.4629383087, -50.5521469116, 12.3716316223, -14.2496728897, -11.5242261887, -20.1428413391, 23.8857116699], [195.836654663, -91.5331115723, 10.8710308075, -11.5180864334, -36.1279258728, 159.979934692, 81.5136947632, 46.9676513672, -31.7315616608, 10.6514015198, -11.640704155, -2.36388397217, -20.6890163422], [119.643531799, 271.202484131, -52.9463386536, 31.7162742615, 27.4629383087, 81.5136947632, 360.417175293, 19.7172145844, 8.2739315033, -62.3200416565, 6.26076459885, -27.1415901184, -30.6614570618], [-31.2274494171, -126.007316589, 39.7463760376, -15.5219764709, -50.5521469116, 46.9676513672, 19.7172145844, 131.925094604, -2.66344165802, 36.8048973083, -20.8780193329, -1.41457474232, -13.8516941071], [48.9268722534, 40.9451332092, -75.8790206909, -0.257234841585, 12.3716316223, -31.7315616608, 8.2739315033, -2.66344165802, 116.579971313, 8.39482975006, 16.2388687134, -13.7088470459, 7.91399002075], [-29.579864502, -112.444313049, 29.7374725342, -18.017698288, -14.2496728897, 10.6514015198, -62.3200416565, 36.8048973083, 8.39482975006, 91.5849838257, 2.91905450821, 6.81656646729, -11.7087154388], [70.2726211548, 1.93672513962, -56.1795654297, -25.9481620789, -11.5242261887, -11.640704155, 6.26076459885, -20.8780193329, 16.2388687134, 2.91905450821, 69.8686904907, 28.9206581116, 5.97501373291], [-214.00920105, -88.8591766357, -24.1933078766, -46.3151016235, -20.1428413391, -2.36388397217, -27.1415901184, -1.41457474232, -13.7088470459, 6.81656646729, 28.9206581116, 72.7545547485, 24.9742832184], [-74.8398132324, 7.02815294266, -26.1355075836, -7.71207046509, 23.8857116699, -20.6890163422, -30.6614570618, -13.8516941071, 7.91399002075, -11.7087154388, 5.97501373291, 24.9742832184, 60.1980056763]],
        "icov": [[0.000343993830029, -0.000790590012912, 0.000609650276601, -0.000764221535064, 0.000930807611439, -0.00104022747837, 0.000822333618999, -0.000345150823705, 0.000254634505836, -0.000289132207399, -0.000610151677392, 0.000596255355049, 2.28150747716e-05], [-0.000790590012912, 0.00663554901257, -0.00187454617117, 0.00109093054198, -0.0037477479782, 0.00571522815153, -0.00602626241744, 0.00374638475478, -0.000362809427315, 0.00135008222423, 0.000376593961846, 0.00325592048466, -0.00226565171033], [0.000609650276601, -0.00187454617117, 0.00575417233631, -0.00411746930331, 0.00112272484694, -0.00189423828851, 0.00265376130119, -0.0022955678869, 0.00311988173053, -0.00170245196205, 0.000758028530981, -0.000234320046729, 0.00195516273379], [-0.000764221535064, 0.00109093054198, -0.00411746930331, 0.0077283969149, -0.00263857771643, 0.00189963239245, -0.00184495479334, 0.00118776748423, -0.00187682954129, 0.00159623497166, 0.000839868502226, 0.000688322121277, -0.000653305905871], [0.000930807611439, -0.0037477479782, 0.00112272484694, -0.00263857771643, 0.00952322874218, -0.00286376290023, 0.00218220404349, 0.000782489019912, 0.000334010692313, -0.00272386521101, -0.000160983545356, 0.00162506150082, -0.00295911938883], [-0.00104022747837, 0.00571522815153, -0.00189423828851, 0.00189963239245, -0.00286376290023, 0.0144128138199, -0.00775871239603, 0.00145072455052, 0.00198983610608, -0.000824854651, 0.00227439636365, 0.00128596869763, -0.00124911800958], [0.000822333618999, -0.00602626241744, 0.00265376130119, -0.00184495479334, 0.00218220404349, -0.00775871239603, 0.0102221136913, -0.00514002237469, -0.000192456922377, 0.00278224842623, -0.00213824654929, -0.00228258920833, 0.00485881138593], [-0.000345150823705, 0.00374638475478, -0.0022955678869, 0.00118776748423, 0.000782489019912, 0.00145072455052, -0.00514002237469, 0.0139447087422, -0.00155917950906, -0.0041103605181, 0.0039369892329, 0.00158010935411, -0.0025729960762], [0.000254634505836, -0.000362809427315, 0.00311988173053, -0.00187682954129, 0.000334010692313, 0.00198983610608, -0.000192456922377, -0.00155917950906, 0.0125118382275, -0.00315362634137, -0.00310292863287, 0.00492245936766, -0.00242491113022], [-0.000289132207399, 0.00135008222423, -0.00170245196205, 0.00159623497166, -0.00272386521101, -0.000824854651, 0.00278224842623, -0.0041103605181, -0.00315362634137, 0.0176846627146, -0.00235819839872, -0.00159289035946, 0.00496612815186], [-0.000610151677392, 0.000376593961846, 0.000758028530981, 0.000839868502226, -0.000160983545356, 0.00227439636365, -0.00213824654929, 0.0039369892329, -0.00310292863287, -0.00235819839872, 0.0229823179543, -0.011708015576, 0.00282194279134], [0.000596255355049, 0.00325592048466, -0.000234320046729, 0.000688322121277, 0.00162506150082, 0.00128596869763, -0.00228258920833, 0.00158010935411, 0.00492245936766, -0.00159289035946, -0.011708015576, 0.0296080242842, -0.012732588686], [2.28150747716e-05, -0.00226565171033, 0.00195516273379, -0.000653305905871, -0.00295911938883, -0.00124911800958, 0.00485881138593, -0.0025729960762, -0.00242491113022, 0.00496612815186, 0.00282194279134, -0.012732588686, 0.0265844520181]]
    },
    "melbands": {
        "dmean": [0.000865361245815, 0.00187907763757, 0.000865746114869, 0.000658044766169, 0.000420402007876, 0.000155514557264, 0.000135524809593, 0.000180183968041, 0.00018813679344, 0.000135539536132, 0.000201217844733, 0.000124307669466, 8.52918674354e-05, 9.53587659751e-05, 7.17719522072e-05, 4.66552228318e-05, 3.21285988321e-05, 4.16002767452e-05, 3.77967735403e-05, 3.01352774841e-05, 2.78233073914e-05, 1.6560919903e-05, 1.39410512929e-05, 8.42708323034e-06, 8.87062469701e-06, 7.06655055183e-06, 5.31484784005e-06, 4.05811124438e-06, 2.70638588518e-06, 2.46302420237e-06, 2.0932368443e-06, 1.94443782675e-06, 1.30194223402e-06, 1.05234221337e-06, 9.66461698226e-07, 1.03571039745e-06, 9.92251784737e-07, 7.83647237768e-07, 5.41613133009e-07, 4.54421098084e-07],
        "dmean2": [0.00147474277765, 0.0032556427177, 0.00147203728557, 0.0011062908452, 0.000665515486617, 0.000255160179222, 0.000226635835133, 0.000277922314126, 0.000287873321213, 0.000211792066693, 0.00029124491266, 0.000181992785656, 0.000123047779198, 0.00014083168935, 0.000107811123598, 6.9573019573e-05, 5.00701426063e-05, 6.50531655992e-05, 5.92288379266e-05, 4.7662659199e-05, 4.56718298665e-05, 2.69139945885e-05, 2.25627027248e-05, 1.32969644255e-05, 1.47191640281e-05, 1.14605472845e-05, 8.64154026203e-06, 6.5391809585e-06, 4.40944586444e-06, 3.95722508983e-06, 3.38316385751e-06, 3.14117596645e-06, 2.10794200939e-06, 1.68329302142e-06, 1.48139588418e-06, 1.624045467e-06, 1.47620880853e-06, 1.09465383957e-06, 7.37480490898e-07, 6.64633432734e-07],
        "dvar": [2.14841406887e-06, 1.06498919195e-05, 1.98436623577e-06, 1.92255879483e-06, 3.54931955826e-07, 6.53213376722e-08, 1.18989291309e-07, 1.58205992307e-07, 1.65694004295e-07, 8.49202805853e-08, 1.72014338773e-07, 9.16255302741e-08, 5.15587679217e-08, 4.29925037793e-08, 4.94361493963e-08, 1.44436897997e-08, 8.5963858254e-09, 1.19324790049e-08, 1.10414726251e-08, 6.43905462283e-09, 5.66000135649e-09, 5.38352973312e-10, 3.1499239328e-10, 1.23628982052e-10, 9.13066219854e-11, 6.53997273004e-11, 3.73857125813e-11, 2.00787424881e-11, 1.04308679749e-11, 8.54212707513e-12, 6.5343793744e-12, 9.62326572596e-12, 2.95758296326e-12, 2.26306993978e-12, 1.89422175861e-12, 2.98050299719e-12, 6.29732290619e-12, 3.70409432293e-12, 1.95182585372e-12, 2.14851465612e-12],
        "dvar2": [5.99193253947e-06, 3.0607534427e-05, 5.36577454113e-06, 5.10309973834e-06, 8.77532329469e-07, 1.6091132693e-07, 2.48104498723e-07, 3.61792132253e-07, 3.91959957824e-07, 1.8941018709e-07, 3.30739823085e-07, 1.77168672622e-07, 1.08074488026e-07, 8.62171134486e-08, 1.02329373419e-07, 2.83825229985e-08, 2.01296099789e-08, 2.87394303911e-08, 2.7394655433e-08, 1.46858143424e-08, 1.35253879208e-08, 1.300918262e-09, 7.58698548431e-10, 2.77163098028e-10, 2.40995196021e-10, 1.72039743562e-10, 9.37968730463e-11, 5.17381103238e-11, 2.6922294255e-11, 2.13760745216e-11, 1.52819128879e-11, 2.34315483683e-11, 6.9264238442e-12, 5.57924236325e-12, 4.58615220453e-12, 6.92108740111e-12, 1.30310319826e-11, 6.57007954985e-12, 3.27380613938e-12, 4.38521224541e-12],
        "max": [0.0114084044471, 0.0268579572439, 0.0149939032272, 0.011739956215, 0.00766123645008, 0.00427237711847, 0.00839173048735, 0.00741875963286, 0.00609761150554, 0.00559867918491, 0.00881774444133, 0.005907187704, 0.00340956239961, 0.0031591868028, 0.00431539909914, 0.00175585446414, 0.00161806948017, 0.00145340815652, 0.00228596711531, 0.00163660070393, 0.00208753696643, 0.000362862774637, 0.000328139489284, 0.000194958425709, 0.000109755157609, 9.64346618275e-05, 6.27286863164e-05, 5.0857415772e-05, 4.6336750529e-05, 4.18327217631e-05, 2.87099737761e-05, 5.97439757257e-05, 2.03949130082e-05, 2.57011688518e-05, 2.70984801318e-05, 3.78695331165e-05, 7.38902162993e-05, 4.82548603031e-05, 3.31554547301e-05, 3.13042619382e-05],
        "mean": [0.00122553401161, 0.00268868217245, 0.00128631328698, 0.000870047544595, 0.00078389927512, 0.000275425292784, 0.000204865835258, 0.000318929669447, 0.000333447766025, 0.000245940871537, 0.000425267353421, 0.000246656301897, 0.000165883349837, 0.000180865565198, 0.000109951884951, 7.56339723011e-05, 4.61027957499e-05, 6.23743253527e-05, 6.3425344706e-05, 5.63446737942e-05, 5.39884495083e-05, 3.36685443472e-05, 2.77842227661e-05, 1.81481755135e-05, 1.95692955458e-05, 1.62397300301e-05, 1.24287926155e-05, 9.53019844019e-06, 6.40573216515e-06, 5.79929792366e-06, 4.89668764203e-06, 4.25503230872e-06, 2.92463187179e-06, 2.27503505812e-06, 2.15664317693e-06, 2.42065175371e-06, 2.02024352802e-06, 1.48892740981e-06, 1.0102911574e-06, 7.26808650597e-07],
        "median": [0.00078534608474, 0.00203886465169, 0.000772792671341, 0.000435756141087, 0.000439891708083, 0.00017951981863, 9.88915926428e-05, 0.000120217337098, 0.000111501016363, 0.00011898422963, 0.000150109102833, 6.24195381533e-05, 5.20514768141e-05, 5.92887299717e-05, 3.64100415027e-05, 2.60673641606e-05, 2.12777140405e-05, 2.39036289713e-05, 2.13256389543e-05, 2.8634294722e-05, 3.33262105414e-05, 2.57303763647e-05, 2.17433844227e-05, 1.37311535582e-05, 1.73069147422e-05, 1.37234219437e-05, 1.04859900603e-05, 7.82338247518e-06, 5.52218170924e-06, 4.77941830468e-06, 3.84769327866e-06, 2.82179894384e-06, 1.9045191948e-06, 1.48866467953e-06, 1.36902337999e-06, 1.34955234898e-06, 9.59301473813e-07, 6.28957309345e-07, 4.09534550272e-07, 2.11440593034e-07],
        "min": [1.2435024286e-23, 5.06632426857e-24, 7.4964155133e-25, 6.11373039117e-24, 9.29943156093e-24, 1.76421602261e-24, 1.09371580761e-23, 6.72701925788e-24, 5.4090093901e-24, 4.82660166681e-24, 7.71184583373e-24, 4.96855127025e-24, 1.25468902844e-23, 8.59045702186e-24, 1.36806624766e-23, 6.79194645469e-24, 4.00605616334e-24, 7.48481482065e-24, 9.4430886538e-24, 6.84827270104e-24, 1.01152375881e-23, 1.15973928442e-23, 8.58172196506e-24, 1.02603390853e-23, 1.64265105828e-23, 1.19486860159e-23, 1.88037760529e-23, 7.9116627233e-24, 1.12547834533e-23, 1.07724407637e-23, 8.53620863513e-24, 9.30786842832e-24, 7.60891526282e-24, 8.07460667644e-24, 1.09974862139e-23, 1.14328648583e-23, 1.28549554562e-23, 1.20302842102e-23, 8.54468257898e-24, 9.65045257565e-24],
        "var": [2.16936837205e-06, 9.32140210352e-06, 2.38028746935e-06, 1.94725839719e-06, 9.56178837441e-07, 1.10190853775e-07, 2.40886976144e-07, 3.61472416444e-07, 3.6293099015e-07, 1.66116009837e-07, 6.13348845491e-07, 2.82623773273e-07, 1.43308454881e-07, 1.17946946432e-07, 8.94653950922e-08, 3.00348119708e-08, 1.0639297443e-08, 1.75030372418e-08, 2.80777694428e-08, 1.55559298776e-08, 1.09383737623e-08, 1.20719656493e-09, 7.44807493458e-10, 3.41440736795e-10, 2.13566539453e-10, 1.63994623437e-10, 9.46730679963e-11, 5.70383323906e-11, 2.69472048842e-11, 2.48244844819e-11, 1.96831752286e-11, 2.33224984464e-11, 9.10797826048e-12, 6.23168487299e-12, 6.18813854325e-12, 1.04664488881e-11, 1.59727196747e-11, 1.12240113037e-11, 5.55507159369e-12, 4.19098089566e-12]
    },
    "mfcc": {
        "mean": [-608.146179199, 113.142944336, -7.43657112122, 25.7181835175, 2.66964197159, 5.35729646683, 1.13360953331, 11.3553552628, 1.92103600502, 2.79018640518, -6.06989526749, -0.383616060019, -2.85951638222],
        "cov": [[5445.79833984, 379.34262085, 138.999343872, 176.408096313, -246.371032715, 139.86505127, 130.061050415, 76.1951217651, 61.2063865662, 137.412185669, 56.95936203, 175.487136841, 0.870438754559], [379.34262085, 650.899169922, -100.78591156, 233.81300354, -46.6398735046, 107.198188782, 93.5398635864, 44.7795982361, 49.8531150818, -2.60683202744, -24.5643844604, 29.4308891296, -17.1285476685], [138.999343872, -100.78591156, 369.523864746, 80.8307418823, 29.8722286224, -14.1665077209, 56.0522651672, -15.9766368866, 33.6506652832, 1.81974852085, -4.76868200302, 22.0701332092, 7.22374534607], [176.408096313, 233.81300354, 80.8307418823, 329.619110107, 59.5707168579, 56.9182815552, 38.6793365479, 0.725505113602, 39.4758644104, 6.51090240479, -37.9948959351, 23.2725219727, 15.1900844574], [-246.371032715, -46.6398735046, 29.8722286224, 59.5707168579, 230.835632324, -25.9024467468, -82.6967468262, -85.9902191162, -21.9978466034, -11.3778619766, -25.3180866241, -39.329914093, 6.13840866089], [139.86505127, 107.198188782, -14.1665077209, 56.9182815552, -25.9024467468, 140.634811401, 63.3203048706, 36.377948761, 10.578245163, 3.43315982819, -2.62222790718, 5.14689397812, -9.34358596802], [130.061050415, 93.5398635864, 56.0522651672, 38.6793365479, -82.6967468262, 63.3203048706, 192.080032349, 74.0795974731, 52.0246925354, -2.46243143082, 6.45421695709, 29.8432884216, -11.7138977051], [76.1951217651, 44.7795982361, -15.9766368866, 0.725505113602, -85.9902191162, 36.377948761, 74.0795974731, 116.396636963, 32.2181663513, 11.7142543793, -3.2706258297, 17.7044696808, -0.732305586338], [61.2063865662, 49.8531150818, 33.6506652832, 39.4758644104, -21.9978466034, 10.578245163, 52.0246925354, 32.2181663513, 109.880485535, 37.3720741272, 8.3305978775, 15.9669284821, 5.28340768814], [137.412185669, -2.60683202744, 1.81974852085, 6.51090240479, -11.3778619766, 3.43315982819, -2.46243143082, 11.7142543793, 37.3720741272, 82.2211074829, 18.6232376099, 15.7724018097, -10.2584180832], [56.95936203, -24.5643844604, -4.76868200302, -37.9948959351, -25.3180866241, -2.62222790718, 6.45421695709, -3.2706258297, 8.3305978775, 18.6232376099, 73.838218689, 15.837061882, 3.95979189873], [175.487136841, 29.4308891296, 22.0701332092, 23.2725219727, -39.329914093, 5.14689397812, 29.8432884216, 17.7044696808, 15.9669284821, 15.7724018097, 15.837061882, 73.1279373169, 20.1150951385], [0.870438754559, -17.1285476685, 7.22374534607, 15.1900844574, 6.13840866089, -9.34358596802, -11.7138977051, -0.732305586338, 5.28340768814, -10.2584180832, 3.95979189873, 20.1150951385, 60.3989753723]],
