{
"lowlevel": {
    "average_loudness": 0.837979137897,
    "barkbands_crest": {
        "dmean": 3.52281832695,
        "dmean2": 5.69408416748,
        "dvar": 10.1260690689,
        "dvar2": 25.8867454529,
        "max": 26.1301250458,
        "mean": 9.23933124542,
        "median": 8.01904392242,
        "min": 2.07287955284,
        "var": 22.6359043121
    },
    "barkbands_flatness_db": {
        "dmean": 0.0280060190707,
        "dmean2": 0.0457601696253,
        "dvar": 0.000721270102076,
        "dvar2": 0.00181918498129,
        "max": 0.44360229373,
        "mean": 0.154196158051,
        "median": 0.146320000291,
        "min": 0.041494011879,
        "var": 0.00162019836716
    },
    "barkbands_kurtosis": {
        "dmean": 2.82096815109,
        "dmean2": 4.64137983322,
        "dvar": 61.8312530518,
        "dvar2": 161.034240723,
        "max": 164.928390503,
        "mean": 1.65543031693,
        "median": -0.457731962204,
        "min": -1.84214770794,
        "var": 67.5523757935
    },
    "barkbands_skewness": {
        "dmean": 0.719915449619,
        "dmean2": 1.1399885416,
        "dvar": 0.709939062595,
        "dvar2": 1.65298068523,
        "max": 11.9796972275,
        "mean": 0.972226500511,
        "median": 0.700566768646,
        "min": -1.17945599556,
        "var": 1.56413459778
    },
    "barkbands_spread": {
        "dmean": 9.11848735809,
        "dmean2": 14.0832471848,
        "dvar": 68.2769546509,
        "dvar2": 146.570373535,
        "max": 75.0718002319,
        "mean": 33.1266212463,
        "median": 33.4823303223,
        "min": 1.45463645458,
        "var": 187.391799927
    },
    "dissonance": {
        "dmean": 0.0140459379181,
        "dmean2": 0.0240265373141,
        "dvar": 0.000354628864443,
        "dvar2": 0.000664986553602,
        "max": 0.500000059605,
        "mean": 0.477837979794,
        "median": 0.482768654823,
        "min": 0,
        "var": 0.000502867333125
    },
    "dynamic_complexity": 5.12327098846,
    "erbbands_crest": {
        "dmean": 2.66970920563,
        "dmean2": 4.35235929489,
        "dvar": 6.86590528488,
        "dvar2": 18.5505714417,
        "max": 25.4178409576,
        "mean": 7.38975000381,
        "median": 6.23335123062,
        "min": 2.4492995739,
        "var": 14.348408699
    },
    "erbbands_flatness_db": {
        "dmean": 0.0183705594391,
        "dmean2": 0.0265223160386,
        "dvar": 0.00027376844082,
        "dvar2": 0.000541923684068,
        "max": 0.340376764536,
        "mean": 0.181368917227,
        "median": 0.175417244434,
        "min": 0.0812493562698,
        "var": 0.00122318696231
    },
    "erbbands_kurtosis": {
        "dmean": 0.771775603294,
        "dmean2": 1.25866127014,
        "dvar": 0.875126898289,
        "dvar2": 2.19200658798,
        "max": 9.86091995239,
        "mean": -0.201502859592,
        "median": -0.568407535553,
        "min": -1.67450630665,
        "var": 1.66710186005
    },
    "erbbands_skewness": {
        "dmean": 0.421493589878,
        "dmean2": 0.665684580803,
        "dvar": 0.154429882765,
        "dvar2": 0.379515528679,
        "max": 2.42155432701,
        "mean": -0.0928733870387,
        "median": -0.115849211812,
        "min": -2.79461193085,
        "var": 0.388509213924
    },
    "erbbands_spread": {
        "dmean": 11.5236492157,
        "dmean2": 17.7647018433,
        "dvar": 126.402046204,
        "dvar2": 303.274963379,
        "max": 121.829666138,
        "mean": 46.3074035645,
        "median": 45.3016815186,
        "min": 7.29096889496,
        "var": 332.565307617
    },
    "hfc": {
        "dmean": 9.4754152298,
        "dmean2": 12.8755750656,
        "dvar": 214.095565796,
        "dvar2": 400.925262451,
        "max": 215.512313843,
        "mean": 17.7540302277,
        "median": 9.68739700317,
        "min": 4.22738732908e-10,
        "var": 531.500732422
    },
    "melbands_crest": {
        "dmean": 4.39908218384,
        "dmean2": 7.30302524567,
        "dvar": 16.1213798523,
        "dvar2": 38.768245697,
        "max": 38.982749939,
        "mean": 13.9935474396,
        "median": 12.7858295441,
        "min": 3.31309509277,
        "var": 36.5029716492
    },
    "melbands_flatness_db": {
        "dmean": 0.0351889766753,
        "dmean2": 0.0542658828199,
        "dvar": 0.001194207347,
        "dvar2": 0.0026212844532,
        "max": 0.409741133451,
        "mean": 0.132093966007,
        "median": 0.119158878922,
        "min": 0.0335219986737,
        "var": 0.00369358900934
    },
    "melbands_kurtosis": {
        "dmean": 9.50394821167,
        "dmean2": 15.3925132751,
        "dvar": 448.303070068,
        "dvar2": 1082.67211914,
        "max": 329.316314697,
        "mean": 11.2518253326,
        "median": 4.02720165253,
        "min": -1.41530275345,
        "var": 637.420532227
    },
    "melbands_skewness": {
        "dmean": 1.01529729366,
        "dmean2": 1.60890054703,
        "dvar": 1.61061441898,
        "dvar2": 3.64098381996,
        "max": 13.8999099731,
        "mean": 2.39925646782,
        "median": 1.94901752472,
        "min": -0.617181301117,
        "var": 3.68533563614
    },
    "melbands_spread": {
        "dmean": 16.7544460297,
        "dmean2": 27.2956485748,
        "dvar": 278.061035156,
        "dvar2": 705.057983398,
        "max": 131.616256714,
        "mean": 41.6657791138,
        "median": 37.8231735229,
        "min": 0.911516666412,
        "var": 543.212768555
    },
    "pitch_salience": {
        "dmean": 0.0993148609996,
        "dmean2": 0.162223398685,
        "dvar": 0.0102569162846,
        "dvar2": 0.0266394503415,
        "max": 0.952951908112,
        "mean": 0.56116682291,
        "median": 0.578515827656,
        "min": 0.0266274809837,
        "var": 0.0197830200195
    },
    "silence_rate_20dB": {
        "dmean": 0,
        "dmean2": 0,
        "dvar": 0,
        "dvar2": 0,
        "max": 1,
        "mean": 1,
        "median": 1,
        "min": 1,
        "var": 0
    },
    "silence_rate_30dB": {
        "dmean": 0.00927357003093,
        "dmean2": 0.0185614842921,
        "dvar": 0.00918746739626,
        "dvar2": 0.0244043450803,
        "max": 1,
        "mean": 0.993822395802,
        "median": 1,
        "min": 0,
        "var": 0.00613943254575
    },
    "silence_rate_60dB": {
        "dmean": 0.117465220392,
        "dmean2": 0.235112145543,
        "dvar": 0.103668257594,
        "dvar2": 0.221597924829,
        "max": 1,
        "mean": 0.271042466164,
        "median": 0,
        "min": 0,
        "var": 0.197579875588
    },
    "spectral_centroid": {
        "dmean": 445.028869629,
        "dmean2": 705.18737793,
        "dvar": 197058.453125,
        "dvar2": 415571.9375,
        "max": 11539.1708984,
        "mean": 2117.95629883,
        "median": 2156.88769531,
        "min": 362.906646729,
        "var": 467915.0625
    },
    "spectral_complexity": {
        "dmean": 6.28129816055,
        "dmean2": 8.96829032898,
        "dvar": 63.336063385,
        "dvar2": 117.10635376,
        "max": 63,
        "mean": 15.938996315,
        "median": 11,
        "min": 0,
        "var": 211.455291748
    },
    "spectral_decrease": {
        "dmean": 2.18274509578e-09,
        "dmean2": 3.20402082643e-09,
        "dvar": 1.41554111281e-17,
        "dvar2": 3.19446366133e-17,
        "max": -8.99418295447e-20,
        "mean": -3.45877637642e-09,
        "median": -1.68277725088e-09,
        "min": -3.58462166616e-08,
        "var": 2.44305047678e-17
    },
    "spectral_energy": {
        "dmean": 0.00894578546286,
        "dmean2": 0.0129324002191,
        "dvar": 0.000226835705689,
        "dvar2": 0.000502205803059,
        "max": 0.146222904325,
        "mean": 0.0146645745263,
        "median": 0.00716854678467,
        "min": 3.77805317413e-13,
        "var": 0.000410731881857
    },
    "spectral_energyband_high": {
        "dmean": 0.000882278254721,
        "dmean2": 0.00116568116937,
        "dvar": 1.96154155674e-06,
        "dvar2": 3.41011605087e-06,
        "max": 0.022328466177,
        "mean": 0.00144553149585,
        "median": 0.000578217033762,
        "min": 2.33263979828e-14,
        "var": 5.20568255524e-06
    },
    "spectral_energyband_low": {
        "dmean": 0.00461621908471,
        "dmean2": 0.00739760650322,
        "dvar": 0.00011394633475,
        "dvar2": 0.000279913831037,
        "max": 0.107879705727,
        "mean": 0.0052877231501,
        "median": 0.000538703519851,
        "min": 5.79752649425e-14,
        "var": 0.000147268452565
    },
    "spectral_energyband_middle_high": {
        "dmean": 0.00194381433539,
        "dmean2": 0.00290955347009,
        "dvar": 9.64268838288e-06,
        "dvar2": 2.16962544073e-05,
        "max": 0.0365908555686,
        "mean": 0.00369680020958,
        "median": 0.00182183703873,
        "min": 1.01051233895e-13,
        "var": 2.17803808482e-05
    },
    "spectral_energyband_middle_low": {
        "dmean": 0.00389584572986,
        "dmean2": 0.00589602394029,
        "dvar": 6.82865429553e-05,
        "dvar2": 0.000167523365235,
        "max": 0.0998775139451,
        "mean": 0.00555428210646,
        "median": 0.00229168357328,
        "min": 1.99187075254e-13,
        "var": 9.49585446506e-05
    },
    "spectral_entropy": {
        "dmean": 0.172625675797,
        "dmean2": 0.249618515372,
        "dvar": 0.0283525660634,
        "dvar2": 0.0541313551366,
        "max": 9.79797554016,
        "mean": 7.88781738281,
        "median": 7.95243787766,
        "min": 6.81877088547,
        "var": 0.082462772727
    },
    "spectral_flux": {
        "dmean": 0.0275456905365,
        "dmean2": 0.0427104532719,
        "dvar": 0.00131522701122,
        "dvar2": 0.0028728491161,
        "max": 0.308663904667,
        "mean": 0.0704875066876,
        "median": 0.0565241612494,
        "min": 0.000103859420051,
        "var": 0.00289358641021
    },
    "spectral_kurtosis": {
        "dmean": 1.15276134014,
        "dmean2": 1.95533788204,
        "dvar": 1.55531251431,
        "dvar2": 4.41055107117,
        "max": 11.3515329361,
        "mean": 1.31163418293,
        "median": 0.919228792191,
        "min": -1.19941389561,
        "var": 1.94485759735
    },
    "spectral_rms": {
        "dmean": 0.00101285090204,
        "dmean2": 0.00138824107125,
        "dvar": 1.55679242653e-06,
        "dvar2": 3.00357532979e-06,
        "max": 0.0119438888505,
        "mean": 0.00308462046087,
        "median": 0.00264456123114,
        "min": 1.91987119535e-08,
        "var": 4.7920061661e-06
    },
    "spectral_rolloff": {
        "dmean": 1102.78796387,
        "dmean2": 1781.39245605,
        "dvar": 1268289,
        "dvar2": 2758298.5,
        "max": 7988.81835938,
        "mean": 2955.50292969,
        "median": 2950.04882812,
        "min": 21.533203125,
        "var": 3041965.5
    },
    "spectral_skewness": {
        "dmean": 0.218426734209,
        "dmean2": 0.346643209457,
        "dvar": 0.0448557548225,
        "dvar2": 0.11555596441,
        "max": 2.46608138084,
        "mean": 0.801401853561,
        "median": 0.75033056736,
        "min": -0.0614938624203,
        "var": 0.0854519680142
    },
    "spectral_spread": {
        "dmean": 543431.6875,
        "dmean2": 815910.1875,
        "dvar": 1.21076842496e+12,
        "dvar2": 1.3358736343e+12,
        "max": 41374772,
        "mean": 4443644.5,
        "median": 4416104,
        "min": 2293340,
        "var": 1.79101958144e+12
    },
    "spectral_strongpeak": {
        "dmean": 0.390638738871,
        "dmean2": 0.656991064548,
        "dvar": 0.40932571888,
        "dvar2": 1.0653424263,
        "max": 6.35703849792,
        "mean": 0.630848050117,
        "median": 0.333180457354,
        "min": 0,
        "var": 0.727642774582
    },
    "zerocrossingrate": {
        "dmean": 0.0173947364092,
        "dmean2": 0.0197117589414,
        "dvar": 0.000321418308886,
        "dvar2": 0.000417803792516,
        "max": 0.490234375,
        "mean": 0.0962521135807,
        "median": 0.09619140625,
        "min": 0,
        "var": 0.00141036359128
    },
    "barkbands": {
        "dmean": [4.72402607556e-05, 0.00240990007296, 0.00157324096654, 0.00211474439129, 0.00109278759919, 0.000468123122118, 0.000165551624377, 0.000479238951812, 0.000441471667727, 0.000222421163926, 0.000228956749197, 0.000325905974023, 0.000362297229003, 0.000321460829582, 0.000277242041193, 0.000204835465411, 0.000215607869904, 0.000289917748887, 0.000275792524917, 0.000216475731577, 0.000263168360107, 0.000273238983937, 0.00016624944692, 0.000131274704472, 2.06283093576e-05, 6.13612161082e-10, 6.2997274064e-10],
        "dmean2": [7.57419547881e-05, 0.00398759404197, 0.00267824809998, 0.00320652592927, 0.00185499608051, 0.000728407641873, 0.000273345678579, 0.000780933536589, 0.000701986486092, 0.000356963195372, 0.000364936044207, 0.00050419929903, 0.000604387081694, 0.000507468706928, 0.000461152230855, 0.000331370712956, 0.00035622654832, 0.000469945924124, 0.000459310016595, 0.000322832609527, 0.000382524798624, 0.000380531069823, 0.000234930514125, 0.000180562594323, 3.19229184242e-05, 1.1502253594e-09, 1.1771340569e-09],
        "dvar": [2.05095176398e-08, 5.18918313901e-05, 2.20991696551e-05, 3.87368709198e-05, 7.64202468417e-06, 7.69862595007e-07, 1.76997829726e-07, 1.10911184947e-06, 1.47349999224e-06, 1.79833122615e-07, 3.48928239191e-07, 4.50242765737e-07, 5.60355829293e-07, 3.76851119199e-07, 2.35229890677e-07, 1.72232901718e-07, 1.43224525573e-07, 2.47359395189e-07, 2.73227897196e-07, 1.1424537405e-07, 2.32138859246e-07, 2.37894099087e-07, 6.45352074002e-08, 3.74686131011e-08, 1.11178055651e-09, 1.52700891159e-18, 1.62752221276e-18],
        "dvar2": [5.18570999475e-08, 0.000123348305351, 5.65979680687e-05, 9.78542666417e-05, 2.07044686249e-05, 1.78665845851e-06, 4.36722075392e-07, 2.59050830209e-06, 3.43802093994e-06, 4.11426555047e-07, 8.64953676682e-07, 9.00319889752e-07, 1.48849176185e-06, 9.13655810564e-07, 6.23512733e-07, 4.15458146108e-07, 3.74155774807e-07, 6.18636022409e-07, 7.16788633781e-07, 2.50467962815e-07, 4.5306282459e-07, 4.59950598497e-07, 1.30737461745e-07, 6.99656368397e-08, 2.29245022965e-09, 4.89926131439e-18, 5.23278922276e-18],
        "max": [0.00206052861176, 0.0562356822193, 0.0555996112525, 0.0786909908056, 0.0313788205385, 0.0118307294324, 0.00691854674369, 0.011794636026, 0.0239281654358, 0.00692134676501, 0.00737315509468, 0.0140092410147, 0.00830931030214, 0.00693311495706, 0.00585084594786, 0.00643503665924, 0.0043063974008, 0.00429102033377, 0.00393232796341, 0.00489120744169, 0.00653314916417, 0.00565095525235, 0.00428644474596, 0.00262625468895, 0.000535845814738, 1.43381511108e-08, 1.55673927082e-08],
        "mean": [4.83078547404e-05, 0.00254994397983, 0.00145570142195, 0.00225354521535, 0.00117411580868, 0.000659179757349, 0.000218590212171, 0.000495495158248, 0.000599912076723, 0.000296813203022, 0.000273761776043, 0.000542242487427, 0.000438283168478, 0.000456109846709, 0.000382403901313, 0.000263314897893, 0.000281109561911, 0.000349436799297, 0.000341506645782, 0.000324830092723, 0.00039680316695, 0.000399903627113, 0.000244813534664, 0.000194759399164, 2.36976102315e-05, 4.74002670448e-10, 4.7703385686e-10],
        "median": [1.6151965383e-06, 3.17063859256e-05, 6.65711631882e-05, 0.000108591237222, 0.000353156239726, 0.000225806754315, 6.72180321999e-05, 7.33110355213e-05, 0.00016546023835, 7.83902796684e-05, 4.66205492557e-05, 9.44923958741e-05, 0.000108824497147, 0.000122204059153, 0.000116865121527, 6.26469118288e-05, 9.58565360634e-05, 0.000128433835926, 0.000154718232807, 0.000136398084578, 0.000130457468913, 0.000133573703351, 0.000100061675766, 7.48442325857e-05, 8.75097703101e-06, 1.01916697304e-10, 9.14561482102e-11],
        "min": [1.67201593283e-14, 2.49698197774e-14, 1.64806421277e-14, 1.62753704692e-14, 3.93998357974e-14, 3.68812239863e-14, 3.36365490853e-14, 2.98406048135e-14, 3.47668908365e-14, 2.63848848775e-14, 1.84743357629e-14, 1.39456038067e-14, 6.3315810216e-15, 1.48302107119e-15, 1.3497295314e-15, 6.28882068085e-15, 1.21534320151e-14, 1.29787978596e-14, 5.26484805662e-15, 2.44903864237e-15, 6.7298584545e-15, 3.77149593633e-15, 2.98344379902e-15, 4.72466211187e-15, 2.23124254295e-15, 1.06242971997e-16, 4.89555066488e-17],
        "var": [2.11575326148e-08, 5.44455288036e-05, 2.49315562542e-05, 4.65876219096e-05, 6.9883208198e-06, 1.24471421259e-06, 2.59950581949e-07, 1.40371651014e-06, 2.48096762334e-06, 3.13376546046e-07, 4.24769524443e-07, 2.02409205485e-06, 6.72904718613e-07, 6.48026741601e-07, 3.83681936e-07, 2.60507135863e-07, 2.10148826341e-07, 2.89915220719e-07, 2.7880628295e-07, 2.31283010521e-07, 4.9514346756e-07, 4.94713447097e-07, 1.47470913703e-07, 8.87511788505e-08, 1.77219638964e-09, 1.14598305167e-18, 1.21104504614e-18]
    },
    "erbbands": {
        "dmean": [0.0614009723067, 0.601179182529, 1.86062753201, 4.64154338837, 4.98847389221, 3.22160315514, 3.7940788269, 3.58218860626, 2.6673886776, 4.43527460098, 10.8319911957, 10.7684841156, 8.41985225677, 6.65314769745, 9.26131343842, 13.9136505127, 16.7772941589, 15.8466491699, 14.9877920151, 12.2368106842, 11.3388185501, 11.1642198563, 15.5322084427, 12.0945949554, 14.3124485016, 10.8552427292, 9.99873638153, 11.236623764, 10.3747377396, 6.44803237915, 4.62267065048, 3.16922521591, 1.96212613583, 0.456023603678, 0.0122947376221, 0.000582267530262, 7.06249265932e-05, 1.490062823e-05, 8.17176442069e-06, 1.17998724818e-05],
        "dmean2": [0.0966803729534, 1.01413047314, 3.15932607651, 6.99353694916, 8.03106880188, 5.29882955551, 6.07186031342, 5.68608140945, 4.44927930832, 7.29524230957, 17.6392498016, 16.9864845276, 13.1812009811, 10.3778734207, 13.9810171127, 21.178319931, 28.0303096771, 25.4795684814, 24.176908493, 20.3053684235, 18.4574794769, 18.3983898163, 25.5029907227, 19.1058979034, 23.7302455902, 16.5296268463, 15.151766777, 16.2023010254, 14.6777658463, 8.72002792358, 6.72817277908, 4.52058506012, 2.72530198097, 0.672022521496, 0.0180739779025, 0.000832619611174, 9.72758280113e-05, 2.01265938813e-05, 1.10576829684e-05, 1.65537458088e-05],
        "dvar": [0.0349497832358, 3.23723554611, 30.1767234802, 171.234863281, 221.246795654, 59.4452323914, 42.4161605835, 52.3324661255, 42.4577789307, 88.9808044434, 624.015380859, 1045.66931152, 315.187683105, 240.74407959, 459.768798828, 795.80078125, 1293.62939453, 925.750488281, 775.260742188, 521.924743652, 564.764221191, 401.78338623, 748.118469238, 365.972290039, 696.382507324, 283.903869629, 331.03894043, 415.398223877, 396.909118652, 98.8211975098, 55.2489547729, 22.298248291, 8.05815982819, 0.465410381556, 0.000327551184455, 7.08265474714e-07, 1.00139789794e-08, 4.49360132437e-10, 1.4495432632e-10, 3.5580874358e-10],
        "dvar2": [0.0848627462983, 7.88097333908, 82.4832611084, 431.837341309, 575.551818848, 153.57723999, 108.517875671, 118.649833679, 110.438514709, 205.001495361, 1375.76135254, 2382.2956543, 671.621887207, 596.750366211, 1021.51904297, 1620.31481934, 3414.43164062, 2299.68701172, 1934.09106445, 1366.16931152, 1411.60400391, 1027.86547852, 1923.37280273, 866.90826416, 1845.58642578, 609.761352539, 702.306640625, 759.094482422, 786.582824707, 185.345733643, 118.887313843, 43.9587593079, 14.9986619949, 0.904866337776, 0.000634213036392, 1.30571754653e-06, 1.76141163877e-08, 7.63588081654e-10, 2.63344318574e-10, 7.42645667184e-10],
        "max": [1.67093491554, 13.9265127182, 42.7531738281, 224.517196655, 213.151184082, 103.358207703, 61.3020820618, 101.196769714, 110.70349884, 176.043273926, 294.111846924, 647.287780762, 339.505432129, 192.66204834, 412.40234375, 725.046386719, 424.183868408, 295.763671875, 350.950469971, 331.747009277, 358.120056152, 220.995925903, 200.224304199, 161.906265259, 206.909591675, 242.984375, 266.152038574, 247.197433472, 233.128173828, 148.514160156, 134.325927734, 67.5866317749, 41.8895568848, 11.2505626678, 0.292031764984, 0.0140981981531, 0.00176020036452, 0.000376521260478, 0.000174141256139, 0.00019093255105],
        "mean": [0.0566587001085, 0.634438276291, 1.67078590393, 5.11499166489, 5.25610733032, 3.78039216995, 5.09486722946, 4.91697359085, 3.38818740845, 5.02853012085, 12.5955286026, 14.8031005859, 11.7270507812, 8.97494983673, 13.6919994354, 23.0634613037, 21.1116657257, 23.2221546173, 21.7276535034, 17.6030483246, 15.1868619919, 15.0660400391, 18.7774505615, 16.5844421387, 17.6357536316, 15.985575676, 14.5632724762, 17.2022399902, 14.8346977234, 10.0327253342, 6.65888500214, 4.69929885864, 2.79361820221, 0.606591582298, 0.0165275447071, 0.000841889763251, 0.00010967545677, 2.42656788032e-05, 1.47428754644e-05, 2.05028118216e-05],
        "median": [0.000970576656982, 0.01074807439, 0.11683896184, 0.309438914061, 0.719700455666, 1.21049702168, 1.7288299799, 1.59530067444, 1.25093638897, 1.25669288635, 2.787981987, 4.12775373459, 4.00977802277, 2.60986185074, 2.81408214569, 5.0505771637, 5.55462551117, 6.82740497589, 7.86277008057, 4.94129705429, 4.45112800598, 4.93161010742, 7.33660173416, 7.80069971085, 7.91907978058, 6.96626091003, 5.27672529221, 5.55281686783, 4.54861307144, 3.76746487617, 2.67382073402, 1.85547065735, 1.07411181927, 0.242098167539, 0.00690055219457, 0.000350500224158, 4.63672258775e-05, 1.0845581528e-05, 8.22023230285e-06, 1.06840006993e-05],
        "min": [9.11922555698e-13, 5.06689091725e-12, 1.69906068381e-11, 4.08043980549e-11, 8.10801217832e-11, 1.4109065305e-10, 2.22445797893e-10, 3.24414134445e-10, 4.42773095966e-10, 5.68965707881e-10, 6.89495793793e-10, 7.85773279777e-10, 8.35598645832e-10, 8.17136636133e-10, 7.16136705492e-10, 5.37196398476e-10, 3.15380943583e-10, 1.21396448449e-10, 4.71891969944e-11, 1.60002219807e-10, 4.32092139846e-10, 6.98107738284e-10, 7.31168015022e-10, 4.64786042986e-10, 1.52772947071e-10, 1.17320306248e-10, 2.59871846264e-10, 2.37638131395e-10, 1.36020708585e-10, 1.17180848358e-10, 7.89103643539e-11, 8.64841531723e-11, 8.25638238333e-11, 3.9676241459e-11, 7.24209754666e-12, 2.35016780342e-12, 9.99697503598e-13, 3.52546307035e-13, 7.93911377611e-14, 8.33743423828e-15],
        "var": [0.0326204784214, 3.29780435562, 26.0574073792, 241.136627197, 223.655761719, 62.7131919861, 65.6349563599, 81.5093460083, 47.487411499, 125.911079407, 895.174255371, 1802.22570801, 566.299255371, 312.959899902, 1048.92370605, 3251.80737305, 1516.95068359, 1593.73095703, 1280.15356445, 852.014648438, 818.853881836, 574.50378418, 816.53717041, 530.980834961, 711.399353027, 555.038696289, 613.891601562, 948.028930664, 764.84967041, 252.111312866, 113.843818665, 50.3542175293, 18.482416153, 0.907449781895, 0.000646248750854, 1.56783266902e-06, 2.48562521676e-08, 1.19612841853e-09, 3.58759633112e-10, 7.23409165904e-10]
    },
    "gfcc": {
        "mean": [-71.6559295654, 82.3957214355, -169.246246338, 64.7076339722, -89.5937042236, 21.9533424377, -39.3043899536, -9.28901195526, -11.3149051666, -21.2813911438, 3.3142824173, -22.405172348, 1.54231846333],
        "cov": [[13608.2050781, 413.630279541, -16.7534656525, 713.462524414, 168.361206055, 376.464019775, 72.2574234009, -374.968170166, -104.501159668, -92.6210098267, -252.330993652, -269.497192383, -336.144195557], [413.630279541, 930.85925293, 462.296905518, 315.964538574, 413.235229492, 111.166999817, 243.676483154, 59.1695823669, 155.71434021, -0.567287564278, 109.537506104, 6.42340993881, 18.5121822357], [-16.7534656525, 462.296905518, 830.555908203, 495.70199585, 280.399871826, 149.58404541, 126.427696228, 88.9816131592, 77.8127593994, 32.3814811707, 63.2821121216, 24.4965667725, -7.59671974182], [713.462524414, 315.964538574, 495.70199585, 535.453674316, 278.709533691, 91.8040084839, 76.9955749512, 15.9968652725, 58.4187965393, 7.7844877243, 18.6216545105, 4.539539814, -49.7747306824], [168.361206055, 413.235229492, 280.399871826, 278.709533691, 400.819091797, 144.232971191, 161.901351929, 38.703956604, 89.1109390259, 12.3214445114, 67.5069732666, 2.82366585732, 5.66819572449], [376.464019775, 111.166999817, 149.58404541, 91.8040084839, 144.232971191, 196.745529175, 125.05002594, 47.2656860352, 34.2051887512, 35.064365387, 25.9647102356, -7.80164861679, -13.7423686981], [72.2574234009, 243.676483154, 126.427696228, 76.9955749512, 161.901351929, 125.05002594, 217.432785034, 112.75730896, 109.775161743, 38.4174079895, 57.4120826721, 5.10909366608, 3.37783527374], [-374.968170166, 59.1695823669, 88.9816131592, 15.9968652725, 38.703956604, 47.2656860352, 112.75730896, 198.567367554, 125.453453064, 62.8188095093, 54.5498275757, 30.4712314606, 31.3159046173], [-104.501159668, 155.71434021, 77.8127593994, 58.4187965393, 89.1109390259, 34.2051887512, 109.775161743, 125.453453064, 158.81703186, 75.315826416, 63.4223899841, 27.6933917999, 14.2101011276], [-92.6210098267, -0.567287564278, 32.3814811707, 7.7844877243, 12.3214445114, 35.064365387, 38.4174079895, 62.8188095093, 75.315826416, 108.034378052, 78.6053009033, 32.6870574951, 8.49876117706], [-252.330993652, 109.537506104, 63.2821121216, 18.6216545105, 67.5069732666, 25.9647102356, 57.4120826721, 54.5498275757, 63.4223899841, 78.6053009033, 143.926239014, 78.8423233032, 36.1988525391], [-269.497192383, 6.42340993881, 24.4965667725, 4.539539814, 2.82366585732, -7.80164861679, 5.10909366608, 30.4712314606, 27.6933917999, 32.6870574951, 78.8423233032, 93.7576980591, 55.4295120239], [-336.144195557, 18.5121822357, -7.59671974182, -49.7747306824, 5.66819572449, -13.7423686981, 3.37783527374, 31.3159046173, 14.2101011276, 8.49876117706, 36.1988525391, 55.4295120239, 92.3445587158]],
        "icov": [[0.000123242920381, -0.000182032541488, 0.000323786953231, -0.000503011397086, 0.000434963498265, -0.000555010628887, 0.000100829194707, 0.000220436981181, -0.000131865832373, 7.21060860087e-05, -7.07123108441e-05, 0.000290806085104, -8.02996073617e-05], [-0.000182032541488, 0.00414566975087, -0.00217067706399, 0.00111058494076, -0.00196118303575, 0.00199473672546, -0.00246913754381, 0.00276369322091, -0.00417023012415, 0.00427129631862, -0.00404691928998, 0.00328179076314, -0.00163820723537], [0.000323786953231, -0.00217067706399, 0.00496211601421, -0.00502579240128, 0.00265132682398, -0.00347997806966, 0.00154798815493, -0.00194326706696, 0.00194504065439, -0.00059455470182, -0.00067176297307, 0.00130676222034, -0.00153085414786], [-0.000503011397086, 0.00111058494076, -0.00502579240128, 0.0098077505827, -0.00675226002932, 0.00452697882429, -0.00019604836416, -0.000266235001618, 0.000340709055308, -0.00258466321975, 0.0056695798412, -0.00796280521899, 0.00674762111157], [0.000434963498265, -0.00196118303575, 0.00265132682398, -0.00675226002932, 0.0116893555969, -0.00730282813311, 0.00012124402565, 0.00307044829242, -0.00488517666236, 0.00623925589025, -0.00778240477666, 0.00852121878415, -0.00618155952543], [-0.000555010628887, 0.00199473672546, -0.00347997806966, 0.00452697882429, -0.00730282813311, 0.0163270365447, -0.00881064031273, -0.001641435083, 0.00801283866167, -0.00912111997604, 0.00648166844621, -0.00529504334554, 0.00373449013568], [0.000100829194707, -0.00246913754381, 0.00154798815493, -0.00019604836416, 0.00012124402565, -0.00881064031273, 0.0169081017375, -0.00479034753516, -0.00571291148663, 0.00531207630411, -0.00407733675092, 0.00265625212342, 0.00096523022512], [0.000220436981181, 0.00276369322091, -0.00194326706696, -0.000266235001618, 0.00307044829242, -0.001641435083, -0.00479034753516, 0.0162228234112, -0.0132012004033, 0.00435722852126, -0.00394078344107, 0.00461699301377, -0.00541013525799], [-0.000131865832373, -0.00417023012415, 0.00194504065439, 0.000340709055308, -0.00488517666236, 0.00801283866167, -0.00571291148663, -0.0132012004033, 0.0309099946171, -0.0208643451333, 0.0125108938664, -0.0109572578222, 0.00571426702663], [7.21060860087e-05, 0.00427129631862, -0.00059455470182, -0.00258466321975, 0.00623925589025, -0.00912111997604, 0.00531207630411, 0.00435722852126, -0.0208643451333, 0.0362753160298, -0.0252950154245, 0.0151349278167, -0.00474513508379], [-7.07123108441e-05, -0.00404691928998, -0.00067176297307, 0.0056695798412, -0.00778240477666, 0.00648166844621, -0.00407733675092, -0.00394078344107, 0.0125108938664, -0.0252950154245, 0.0372207947075, -0.0300235133618, 0.0103162294254], [0.000290806085104, 0.00328179076314, 0.00130676222034, -0.00796280521899, 0.00852121878415, -0.00529504334554, 0.00265625212342, 0.00461699301377, -0.0109572578222, 0.0151349278167, -0.0300235133618, 0.0450287051499, -0.0217237565666], [-8.02996073617e-05, -0.00163820723537, -0.00153085414786, 0.00674762111157, -0.00618155952543, 0.00373449013568, 0.00096523022512, -0.00541013525799, 0.00571426702663, -0.00474513508379, 0.0103162294254, -0.0217237565666, 0.025663850829]]
    },
    "melbands": {
        "dmean": [0.000606809975579, 0.000896970101167, 0.000812188372947, 0.000280573498458, 0.000130768909003, 8.26333707664e-05, 3.85632301914e-05, 6.36265831417e-05, 8.92210446182e-05, 6.41916776658e-05, 4.10552129324e-05, 2.5762239602e-05, 3.09122151521e-05, 3.67215725419e-05, 3.66251952073e-05, 3.54065014108e-05, 3.06780530082e-05, 2.58852451225e-05, 1.86027245945e-05, 1.48164162965e-05, 1.41414639074e-05, 1.17309937195e-05, 1.24805328596e-05, 1.67750622495e-05, 9.0620269475e-06, 1.17138715723e-05, 8.17309228296e-06, 7.4317617873e-06, 6.48924560664e-06, 6.30548720437e-06, 7.18575256542e-06, 6.58839735479e-06, 4.52095127912e-06, 3.33534831043e-06, 2.7951807624e-06, 2.37657877733e-06, 1.83758550065e-06, 1.51973813445e-06, 1.05045580767e-06, 1.65547575648e-07],
        "dmean2": [0.000960394740105, 0.00152168772183, 0.00122462399304, 0.000464904878754, 0.000207785778912, 0.00013012571435, 6.42084414721e-05, 0.000105440078187, 0.00014379672939, 0.000101806574094, 6.47315755486e-05, 4.06552098866e-05, 4.80637936562e-05, 5.60318221687e-05, 5.83604451094e-05, 6.04099805059e-05, 4.94594787597e-05, 4.15530666942e-05, 3.08580674755e-05, 2.42414171225e-05, 2.3313001293e-05, 1.96335022338e-05, 2.08211404242e-05, 2.76042483165e-05, 1.43604165714e-05, 1.96961100301e-05, 1.32967406898e-05, 1.14237564048e-05, 1.0091725926e-05, 9.31265731197e-06, 1.07403002403e-05, 9.56371968641e-06, 6.4923951868e-06, 4.63585820398e-06, 4.20584001404e-06, 3.44290970133e-06, 2.70911618827e-06, 2.12553322854e-06, 1.53614382725e-06, 2.53806888395e-07],
        "dvar": [3.28719329445e-06, 6.71132011121e-06, 4.79369873574e-06, 5.76953254949e-07, 4.74330263955e-08, 2.5888946098e-08, 8.941560381e-09, 1.75079453157e-08, 3.89367649234e-08, 4.09499882892e-08, 7.57349116753e-09, 3.56146800939e-09, 5.34566213517e-09, 6.12145933943e-09, 5.06073272177e-09, 5.91434012875e-09, 3.54992790719e-09, 2.49612175374e-09, 1.13750386888e-09, 7.94012078309e-10, 8.43916547755e-10, 4.59965315835e-10, 5.48079748253e-10, 9.36633659521e-10, 2.1068541356e-10, 5.41784672681e-10, 1.64441307793e-10, 1.38881545153e-10, 1.41007122645e-10, 1.42725345431e-10, 1.68323133209e-10, 1.82005632787e-10, 5.60168057773e-11, 2.62156824027e-11, 2.10371269016e-11, 1.34384933737e-11, 7.79246979443e-12, 4.89839419027e-12, 2.8295135332e-12, 7.38837363143e-14],
        "dvar2": [7.6376436482e-06, 1.79702055902e-05, 1.20327567856e-05, 1.53591156504e-06, 1.22202848729e-07, 5.8987939866e-08, 2.32395080957e-08, 4.3941245309e-08, 8.67404352789e-08, 9.34688060283e-08, 1.60955639927e-08, 8.73167049775e-09, 1.27645840564e-08, 1.16314415877e-08, 1.24133858748e-08, 1.60596087539e-08, 8.73868444273e-09, 6.20587270461e-09, 2.98210123262e-09, 1.91390592263e-09, 2.12934114785e-09, 1.19138887644e-09, 1.3879650762e-09, 2.41698261405e-09, 4.87345386269e-10, 1.46201295514e-09, 4.15260881237e-10, 2.99480135135e-10, 3.17117498927e-10, 2.8615193548e-10, 3.42500278139e-10, 3.93561988554e-10, 1.086070886e-10, 5.0644870242e-11, 4.76283665285e-11, 2.78201298803e-11, 1.59116105708e-11, 9.83224092421e-12, 5.78861741526e-12, 1.54708399412e-13],
        "max": [0.0156474560499, 0.0211485698819, 0.0314503088593, 0.00853656884283, 0.00184071389958, 0.00224594748579, 0.00164133880753, 0.0016699549742, 0.00248109223321, 0.00436444347724, 0.00165026204195, 0.000706081453245, 0.0010194266215, 0.00181767088361, 0.000899733160622, 0.000854965357576, 0.000575975107495, 0.000606346467976, 0.000479893176816, 0.000346523651388, 0.000366930005839, 0.000217209599214, 0.000228641321883, 0.000285821122816, 0.000132090208353, 0.000184367469046, 0.000136176808155, 0.000161692587426, 0.000175023655174, 0.000149338171468, 0.000158139460837, 0.000153607834363, 0.000113290523586, 7.60552356951e-05, 7.88262623246e-05, 5.83816217841e-05, 3.63028011634e-05, 3.39967737091e-05, 3.44896143361e-05, 4.9672116802e-06],
        "mean": [0.000628872425295, 0.000876276637428, 0.000908939808141, 0.00030871189665, 0.000175322144059, 0.00011403591634, 4.93612242281e-05, 6.48895656923e-05, 0.000106902494736, 8.89789735083e-05, 5.56544509891e-05, 3.3869069739e-05, 4.08323539887e-05, 6.20477367193e-05, 5.12221195095e-05, 4.20793840021e-05, 4.38263559772e-05, 3.57824646926e-05, 2.6281169994e-05, 1.98524558073e-05, 1.76510457095e-05, 1.54175322677e-05, 1.51005688167e-05, 1.91494418686e-05, 1.23493491628e-05, 1.3371991372e-05, 1.09769234768e-05, 1.0568523976e-05, 8.92206389835e-06, 8.95268658496e-06, 1.05773069663e-05, 8.78319133335e-06, 6.80069706505e-06, 5.02692955706e-06, 3.88775606552e-06, 3.34204128194e-06, 2.6198656542e-06, 2.08754136111e-06, 1.40091879075e-06, 1.85129863439e-07],
        "median": [8.00860652816e-06, 4.08950290876e-05, 6.73270478728e-05, 6.81124874973e-05, 6.20762002654e-05, 3.76807256544e-05, 1.71293431777e-05, 1.34077554321e-05, 2.59400294453e-05, 2.34190174524e-05, 1.63642071129e-05, 8.51022196002e-06, 7.7854929259e-06, 1.05251756395e-05, 1.26837248899e-05, 1.06016814243e-05, 1.13819978651e-05, 1.23423424156e-05, 7.63927619118e-06, 4.90863430969e-06, 4.95810991197e-06, 4.66026267532e-06, 5.46806631974e-06, 6.5565868681e-06, 5.6442991081e-06, 5.30943862032e-06, 5.04270337842e-06, 4.10691836805e-06, 3.2879313494e-06, 2.83655435851e-06, 3.39213966072e-06, 2.53691155194e-06, 2.33981563724e-06, 1.87058867596e-06, 1.50106359342e-06, 1.29072418531e-06, 9.88333681562e-07, 7.48353102153e-07, 5.23516064277e-07, 5.70133558142e-08],
        "min": [8.33575626602e-15, 8.27021709172e-15, 8.14015094751e-15, 7.94556799776e-15, 7.66123343693e-15, 7.30598781885e-15, 6.85063942355e-15, 6.29879661138e-15, 5.66524434244e-15, 4.93583631947e-15, 4.14392488829e-15, 3.32134112354e-15, 2.49318261145e-15, 1.71397339223e-15, 1.04147825414e-15, 5.16953578011e-16, 1.85072529985e-16, 6.02165185149e-17, 1.24452406888e-16, 3.17022647529e-16, 5.47045376375e-16, 7.10820361396e-16, 7.31864047938e-16, 5.95271779562e-16, 3.64149707829e-16, 1.50522281059e-16, 5.25817903536e-17, 8.13589704217e-17, 1.53918234668e-16, 1.73023671599e-16, 1.25080283295e-16, 7.67921591993e-17, 6.78874407912e-17, 6.3588186101e-17, 4.48745747008e-17, 4.39403833867e-17, 5.62684317733e-17, 5.85338412431e-17, 5.40705996509e-17, 2.59002458976e-17],
        "var": [3.47073546436e-06, 6.19036654825e-06, 6.75735782352e-06, 5.63412129395e-07, 7.08917298198e-08, 4.07325124741e-08, 1.05603037426e-08, 1.91787350445e-08, 5.73042804319e-08, 7.00449760416e-08, 1.36934543704e-08, 4.82942263957e-09, 8.40971381422e-09, 3.07077847594e-08, 9.57950785363e-09, 6.38251762552e-09, 6.29883745162e-09, 3.94530852432e-09, 1.86943927005e-09, 1.31406308057e-09, 1.15779874577e-09, 6.82402467866e-10, 6.16771744788e-10, 9.82520842463e-10, 3.22386339846e-10, 4.95619045804e-10, 2.32927177546e-10, 2.6387958485e-10, 2.3793225723e-10, 2.82451645406e-10, 3.50424467221e-10, 2.9894273168e-10, 1.28470650784e-10, 6.34271316025e-11, 4.01723376786e-11, 2.83924897482e-11, 1.5812221324e-11, 1.06808424952e-11, 5.12437358172e-12, 1.15868808146e-13]
    },
    "mfcc": {
        "mean": [-675.69152832, 69.3268890381, -9.36802959442, 18.7644405365, -8.13757419586, 8.52699184418, -7.05067777634, 1.85237538815, -11.3663263321, 2.09289097786, -4.5942363739, -1.52517104149, -11.40117836],
        "cov": [[11650.7724609, 108.378105164, -67.4151382446, 362.000061035, 57.161655426, 635.604064941, -6.40531492233, 23.6752128601, -78.7345123291, 87.657875061, -94.7809524536, 31.9190425873, -212.000823975], [108.378105164, 788.214904785, 166.818878174, 242.360076904, 185.679458618, 164.271209717, 155.663665771, 163.904998779, 74.5320281982, 116.430328369, 79.5352859497, 70.6063842773, 75.7327651978], [-67.4151382446, 166.818878174, 599.08380127, 316.937866211, 187.384399414, 117.660545349, 105.47454834, 97.6463088989, 53.0110321045, 34.8900260925, 70.0987701416, 45.6487045288, 45.5333137512], [362.000061035, 242.360076904, 316.937866211, 479.72366333, 249.81590271, 167.545623779, 74.5738830566, 115.645065308, 32.0941429138, 47.1759757996, 65.2426757812, 37.6288642883, 18.5522003174], [57.161655426, 185.679458618, 187.384399414, 249.81590271, 261.537231445, 145.509460449, 99.5651779175, 76.5602493286, 39.9858856201, 31.0511493683, 42.9189033508, 21.7496604919, 27.6116657257], [635.604064941, 164.271209717, 117.660545349, 167.545623779, 145.509460449, 242.628692627, 110.780197144, 67.153755188, 17.8754749298, 32.1597175598, 28.7706127167, 36.4857406616, 10.0286579132], [-6.40531492233, 155.663665771, 105.47454834, 74.5738830566, 99.5651779175, 110.780197144, 160.386032104, 87.4341659546, 46.630607605, 52.4666175842, 39.0157737732, 35.4203262329, 44.3313980103], [23.6752128601, 163.904998779, 97.6463088989, 115.645065308, 76.5602493286, 67.153755188, 87.4341659546, 147.377700806, 77.1892242432, 72.699256897, 50.4888534546, 43.661403656, 41.2406425476], [-78.7345123291, 74.5320281982, 53.0110321045, 32.0941429138, 39.9858856201, 17.8754749298, 46.630607605, 77.1892242432, 139.307174683, 74.5594329834, 31.4214553833, 28.3188114166, 44.9123458862], [87.657875061, 116.430328369, 34.8900260925, 47.1759757996, 31.0511493683, 32.1597175598, 52.4666175842, 72.699256897, 74.5594329834, 133.742736816, 78.2570495605, 52.3022727966, 40.2749061584], [-94.7809524536, 79.5352859497, 70.0987701416, 65.2426757812, 42.9189033508, 28.7706127167, 39.0157737732, 50.4888534546, 31.4214553833, 78.2570495605, 137.587402344, 66.7307052612, 43.8613929749], [31.9190425873, 70.6063842773, 45.6487045288, 37.6288642883, 21.7496604919, 36.4857406616, 35.4203262329, 43.661403656, 28.3188114166, 52.3022727966, 66.7307052612, 99.9496841431, 59.6069602966], [-212.000823975, 75.7327651978, 45.5333137512, 18.5522003174, 27.6116657257, 10.0286579132, 44.3313980103, 41.2406425476, 44.9123458862, 40.2749061584, 43.8613929749, 59.6069602966, 106.29246521]],
