{
"lowlevel": {
    "average_loudness": 0.917488098145,
    "barkbands_crest": {
        "dmean": 2.51361274719,
        "dmean2": 4.00947761536,
        "dvar": 6.1873831749,
        "dvar2": 13.9429798126,
        "max": 26.0052318573,
        "mean": 12.7913818359,
        "median": 12.2575759888,
        "min": 1.95281934738,
        "var": 18.3092250824
    },
    "barkbands_flatness_db": {
        "dmean": 0.0305329822004,
        "dmean2": 0.0452491939068,
        "dvar": 0.000961923331488,
        "dvar2": 0.00207852455787,
        "max": 0.508963227272,
        "mean": 0.241371542215,
        "median": 0.237782552838,
        "min": 0.0146209150553,
        "var": 0.00361554534175
    },
    "barkbands_kurtosis": {
        "dmean": 5.24363183975,
        "dmean2": 8.23385429382,
        "dvar": 75.8410568237,
        "dvar2": 167.72064209,
        "max": 98.9354858398,
        "mean": 10.0236158371,
        "median": 4.52853155136,
        "min": -1.91007590294,
        "var": 204.910491943
    },
    "barkbands_skewness": {
        "dmean": 0.693568646908,
        "dmean2": 1.03805315495,
        "dvar": 0.670252263546,
        "dvar2": 1.43925607204,
        "max": 8.18190288544,
        "mean": 2.03416657448,
        "median": 1.80969977379,
        "min": -3.96006011963,
        "var": 2.69804310799
    },
    "barkbands_spread": {
        "dmean": 5.2163438797,
        "dmean2": 8.19163799286,
        "dvar": 89.8450546265,
        "dvar2": 192.210464478,
        "max": 109.377304077,
        "mean": 15.124835968,
        "median": 11.0136842728,
        "min": 0.520947754383,
        "var": 213.224182129
    },
    "dissonance": {
        "dmean": 0.0330332517624,
        "dmean2": 0.0546784773469,
        "dvar": 0.00107175542507,
        "dvar2": 0.00273475423455,
        "max": 0.500000059605,
        "mean": 0.422365367413,
        "median": 0.429628819227,
        "min": 0,
        "var": 0.00220430339687
    },
    "dynamic_complexity": 4.64376306534,
    "erbbands_crest": {
        "dmean": 3.15774226189,
        "dmean2": 4.89325809479,
        "dvar": 9.01461029053,
        "dvar2": 21.1890659332,
        "max": 34.6830444336,
        "mean": 13.2156066895,
        "median": 11.9891042709,
        "min": 2.76363134384,
        "var": 37.7093315125
    },
    "erbbands_flatness_db": {
        "dmean": 0.0234224554151,
        "dmean2": 0.0324364490807,
        "dvar": 0.000526866992004,
        "dvar2": 0.00103613233659,
        "max": 0.413594186306,
        "mean": 0.21300381422,
        "median": 0.208559215069,
        "min": 0.0914076045156,
        "var": 0.00233276607469
    },
    "erbbands_kurtosis": {
        "dmean": 2.18142580986,
        "dmean2": 3.44778871536,
        "dvar": 16.7374897003,
        "dvar2": 34.9630393982,
        "max": 82.7776641846,
        "mean": 2.55224442482,
        "median": 1.07578992844,
        "min": -1.73651182652,
        "var": 30.8370285034
    },
    "erbbands_skewness": {
        "dmean": 0.536970615387,
        "dmean2": 0.81604218483,
        "dvar": 0.335373461246,
        "dvar2": 0.725389778614,
        "max": 4.15769672394,
        "mean": 0.688132584095,
        "median": 0.726961195469,
        "min": -4.6331486702,
        "var": 1.40363943577
    },
    "erbbands_spread": {
        "dmean": 10.3760700226,
        "dmean2": 15.6533079147,
        "dvar": 178.86517334,
        "dvar2": 442.619110107,
        "max": 141.985870361,
        "mean": 33.5371627808,
        "median": 28.9890041351,
        "min": 1.00538980961,
        "var": 462.547637939
    },
    "hfc": {
        "dmean": 5.37411355972,
        "dmean2": 7.47042226791,
        "dvar": 73.3368759155,
        "dvar2": 143.690841675,
        "max": 122.521209717,
        "mean": 15.4405469894,
        "median": 7.4627995491,
        "min": 1.25878426559e-16,
        "var": 335.821746826
    },
    "melbands_crest": {
        "dmean": 2.86472392082,
        "dmean2": 4.49590587616,
        "dvar": 7.87218427658,
        "dvar2": 18.3839015961,
        "max": 30.6695575714,
        "mean": 16.2997245789,
        "median": 15.7164373398,
        "min": 2.29766440392,
        "var": 28.3504619598
    },
    "melbands_flatness_db": {
        "dmean": 0.0344084464014,
        "dmean2": 0.0468991361558,
        "dvar": 0.001594538684,
        "dvar2": 0.00322777847759,
        "max": 0.634778678417,
        "mean": 0.270669698715,
        "median": 0.26568505168,
        "min": 0.00842611026019,
        "var": 0.00724094128236
    },
    "melbands_kurtosis": {
        "dmean": 11.8618392944,
        "dmean2": 18.6795787811,
        "dvar": 415.390930176,
        "dvar2": 961.288696289,
        "max": 279.324279785,
        "mean": 22.9866638184,
        "median": 11.7242898941,
        "min": -1.87922668457,
        "var": 964.966308594
    },
    "melbands_skewness": {
        "dmean": 0.927612125874,
        "dmean2": 1.40483939648,
        "dvar": 1.31847298145,
        "dvar2": 3.0712916851,
        "max": 13.6289768219,
        "mean": 2.99933719635,
        "median": 2.69919061661,
        "min": -3.34200429916,
        "var": 4.33811473846
    },
    "melbands_spread": {
        "dmean": 6.43571615219,
        "dmean2": 9.49750232697,
        "dvar": 210.154388428,
        "dvar2": 360.869995117,
        "max": 249.023590088,
        "mean": 17.0653305054,
        "median": 11.4235296249,
        "min": 0.40104341507,
        "var": 507.684417725
    },
    "pitch_salience": {
        "dmean": 0.068612486124,
        "dmean2": 0.10720717907,
        "dvar": 0.00483142584562,
        "dvar2": 0.0101771149784,
        "max": 0.978296279907,
        "mean": 0.473438024521,
        "median": 0.463818103075,
        "min": 0.11761084199,
        "var": 0.0143182789907
    },
    "silence_rate_20dB": {
        "dmean": 0,
        "dmean2": 0,
        "dvar": 0,
        "dvar2": 0,
        "max": 1,
        "mean": 1,
        "median": 1,
        "min": 1,
        "var": 0
    },
    "silence_rate_30dB": {
        "dmean": 0.00463678501546,
        "dmean2": 0.00928074214607,
        "dvar": 0.00461525470018,
        "dvar2": 0.0138349086046,
        "max": 1,
        "mean": 0.997683405876,
        "median": 1,
        "min": 0,
        "var": 0.0023112653289
    },
    "silence_rate_60dB": {
        "dmean": 0.0262751150876,
        "dmean2": 0.0525908730924,
        "dvar": 0.0255848169327,
        "dvar2": 0.057559221983,
        "max": 1,
        "mean": 0.121235519648,
        "median": 0,
        "min": 0,
        "var": 0.106539987028
    },
    "spectral_centroid": {
        "dmean": 220.045639038,
        "dmean2": 321.044494629,
        "dvar": 178241.640625,
        "dvar2": 263659.71875,
        "max": 11045.3027344,
        "mean": 878.069091797,
        "median": 725.026306152,
        "min": 123.8932724,
        "var": 484089.4375
    },
    "spectral_complexity": {
        "dmean": 2.14219474792,
        "dmean2": 3.3952050209,
        "dvar": 7.81440877914,
        "dvar2": 17.6651630402,
        "max": 38,
        "mean": 9.41621589661,
        "median": 9,
        "min": 0,
        "var": 26.6398410797
    },
    "spectral_decrease": {
        "dmean": 1.98038296872e-09,
        "dmean2": 2.91927038099e-09,
        "dvar": 1.06429201786e-17,
        "dvar2": 2.50825993688e-17,
        "max": -2.94610387565e-30,
        "mean": -6.33713570508e-09,
        "median": -5.26209964491e-09,
        "min": -4.25534416593e-08,
        "var": 2.93922252495e-17
    },
    "spectral_energy": {
        "dmean": 0.00782951060683,
        "dmean2": 0.0115014975891,
        "dvar": 0.000162233933224,
        "dvar2": 0.000379484408768,
        "max": 0.164959236979,
        "mean": 0.025318339467,
        "median": 0.0206467136741,
        "min": 1.14286706553e-20,
        "var": 0.000470624916488
    },
    "spectral_energyband_high": {
        "dmean": 0.00027692160802,
        "dmean2": 0.000411665823776,
        "dvar": 4.96599682265e-07,
        "dvar2": 9.03900684079e-07,
        "max": 0.0121484631673,
        "mean": 0.000486242090119,
        "median": 0.000105239472759,
        "min": 7.99664497944e-21,
        "var": 1.50635992213e-06
    },
    "spectral_energyband_low": {
        "dmean": 0.00341385928914,
        "dmean2": 0.00557305337861,
        "dvar": 5.54701255169e-05,
        "dvar2": 0.000142797303852,
        "max": 0.0682137310505,
        "mean": 0.00974911544472,
        "median": 0.00804704707116,
        "min": 5.93238799291e-23,
        "var": 9.44116254686e-05
    },
    "spectral_energyband_middle_high": {
        "dmean": 0.00160767894704,
        "dmean2": 0.00230152881704,
        "dvar": 9.64262289926e-06,
        "dvar2": 1.9847700969e-05,
        "max": 0.0443994961679,
        "mean": 0.00396138289943,
        "median": 0.00112431682646,
        "min": 2.01470379893e-21,
        "var": 3.98499323637e-05
    },
    "spectral_energyband_middle_low": {
        "dmean": 0.00484267994761,
        "dmean2": 0.00718984054402,
        "dvar": 8.2876336819e-05,
        "dvar2": 0.000197223678697,
        "max": 0.103939667344,
        "mean": 0.0116811487824,
        "median": 0.0065775741823,
        "min": 3.14175707351e-22,
        "var": 0.000187963247299
    },
    "spectral_entropy": {
        "dmean": 0.295450568199,
        "dmean2": 0.391408652067,
        "dvar": 0.0983053743839,
        "dvar2": 0.184675231576,
        "max": 9.80125617981,
        "mean": 6.90941572189,
        "median": 6.87417411804,
        "min": 4.70900726318,
        "var": 0.373066186905
    },
    "spectral_flux": {
        "dmean": 0.0264225099236,
        "dmean2": 0.0408164411783,
        "dvar": 0.00101872708183,
        "dvar2": 0.00219892337918,
        "max": 0.310048848391,
        "mean": 0.064178660512,
        "median": 0.0528998672962,
        "min": 1.06904964048e-10,
        "var": 0.00227136351168
    },
    "spectral_kurtosis": {
        "dmean": 3.1281914711,
        "dmean2": 4.90552330017,
        "dvar": 19.3835544586,
        "dvar2": 44.3346672058,
        "max": 64.7697067261,
        "mean": 6.02037286758,
        "median": 4.20497846603,
        "min": -1.61007142067,
        "var": 45.3871154785
    },
    "spectral_rms": {
        "dmean": 0.000721549906302,
        "dmean2": 0.00103919534013,
        "dvar": 9.6081942047e-07,
        "dvar2": 2.08137544178e-06,
        "max": 0.0126860495657,
        "mean": 0.00445990031585,
        "median": 0.0044881105423,
        "min": 3.33914992011e-12,
        "var": 4.8101073844e-06
    },
    "spectral_rolloff": {
        "dmean": 369.674835205,
        "dmean2": 623.231994629,
        "dvar": 1158971.25,
        "dvar2": 1998630.375,
        "max": 18755.4199219,
        "mean": 1069.74084473,
        "median": 602.9296875,
        "min": 86.1328125,
        "var": 2561782
    },
    "spectral_skewness": {
        "dmean": 0.397964775562,
        "dmean2": 0.56854391098,
        "dvar": 0.183906778693,
        "dvar2": 0.387066185474,
        "max": 6.86672973633,
        "mean": 1.87107241154,
        "median": 1.79112064838,
        "min": -0.371895700693,
        "var": 0.716316580772
    },
    "spectral_spread": {
        "dmean": 676002.125,
        "dmean2": 926774.0625,
        "dvar": 1.47925198438e+12,
        "dvar2": 1.5808519209e+12,
        "max": 39753764,
        "mean": 4259459,
        "median": 4004743,
        "min": 1145810,
        "var": 3.85653774746e+12
    },
    "spectral_strongpeak": {
        "dmean": 0.502696931362,
        "dmean2": 0.822733819485,
        "dvar": 1.01425039768,
        "dvar2": 2.21775364876,
        "max": 10.457244873,
        "mean": 1.15989243984,
        "median": 0.472920775414,
        "min": 0,
        "var": 2.60355615616
    },
    "zerocrossingrate": {
        "dmean": 0.010527856648,
        "dmean2": 0.0112055446953,
        "dvar": 0.000498283072375,
        "dvar2": 0.000424023281084,
        "max": 0.5029296875,
        "mean": 0.0420860722661,
        "median": 0.03369140625,
        "min": 0.00439453125,
        "var": 0.00177253514994
    },
    "barkbands": {
        "dmean": [9.5740208053e-05, 0.00201416946948, 0.00130263098981, 0.000622447638307, 0.00195531663485, 0.00142590922769, 0.000405224709539, 0.00039353518514, 0.00157394830603, 0.000310809613438, 0.000347061344655, 0.000125217411551, 0.000450524472399, 0.000385570601793, 0.000362709193723, 0.000207727556699, 0.000106266328658, 5.95624005655e-05, 4.98632252857e-05, 3.35036966135e-05, 4.62049029011e-05, 5.79819388804e-05, 6.09085582255e-05, 0.000106966246676, 2.74574285868e-05, 8.0643863809e-10, 8.37741709336e-10],
        "dmean2": [0.000166989702848, 0.00338098267093, 0.00205704150721, 0.00106828962453, 0.00311577646062, 0.0020988911856, 0.000683273654431, 0.000589571602177, 0.00210304372013, 0.000506799027789, 0.000483272655401, 0.000179004098754, 0.00064233498415, 0.000559632549994, 0.000528964912519, 0.000312028714688, 0.000146118647535, 8.63253226271e-05, 7.88027609815e-05, 5.29520730197e-05, 7.30624960852e-05, 9.37251606956e-05, 9.0479508799e-05, 0.000151317479322, 4.50827355962e-05, 1.47966050523e-09, 1.5368091244e-09],
        "dvar": [1.19565683576e-07, 2.16067292058e-05, 9.88119427348e-06, 2.38319762502e-06, 2.56349485426e-05, 1.59671217261e-05, 1.32250886509e-06, 6.49209505355e-06, 2.03298022825e-05, 2.83329586637e-06, 8.17204977466e-07, 2.505149439e-07, 3.05847879645e-06, 1.51447625285e-06, 1.09962309125e-06, 3.89259326994e-07, 8.12153828633e-08, 1.64438471728e-08, 1.27820802831e-08, 4.63246419002e-09, 1.54272772335e-08, 3.38134711342e-08, 1.26628565411e-08, 1.53410454118e-07, 1.07316697751e-08, 1.49484037455e-18, 1.59173434695e-18],
        "dvar2": [3.33607033554e-07, 5.6568209402e-05, 2.40251611103e-05, 6.54948735246e-06, 6.69760775054e-05, 3.38044956152e-05, 3.68039445675e-06, 1.46078136822e-05, 3.87251384382e-05, 7.55618657422e-06, 1.4895493905e-06, 3.81369432034e-07, 5.44668546354e-06, 2.71732665169e-06, 1.92169613911e-06, 8.16108581603e-07, 1.51988444941e-07, 2.82087828651e-08, 2.80179310863e-08, 1.12840039534e-08, 3.92870411758e-08, 7.54825606464e-08, 2.77897598266e-08, 2.34851654568e-07, 2.27864376257e-08, 4.77451586057e-18, 5.07124953453e-18],
        "max": [0.00382144516334, 0.0457275658846, 0.0423796474934, 0.0198635831475, 0.0734516605735, 0.0727234631777, 0.0134144285694, 0.0731251612306, 0.0671829283237, 0.0388126149774, 0.0157200414687, 0.0140840141103, 0.0374419726431, 0.0220387298614, 0.0143920974806, 0.00910005532205, 0.00572171108797, 0.00275661749765, 0.00180448999163, 0.000640398473479, 0.00268172193319, 0.00362240127288, 0.0016308054328, 0.00881400611252, 0.00251267827116, 9.62979651575e-09, 9.09033559537e-09],
        "mean": [9.62032063399e-05, 0.00584089243785, 0.00329673639499, 0.00077415414853, 0.00293948478065, 0.00300282938406, 0.000519654771779, 0.000518331769854, 0.00380980595946, 0.000395918585127, 0.000747588288505, 0.00018562815967, 0.000756404304411, 0.000728775630705, 0.00052353227511, 0.000302957254462, 0.000182382602361, 0.000105820727185, 8.54718891787e-05, 4.52072963526e-05, 5.84520676057e-05, 8.05134841357e-05, 9.58112941589e-05, 0.000186138990102, 3.9639777242e-05, 6.66412702799e-10, 6.90430268513e-10],
        "median": [6.65075549477e-06, 0.00297307688743, 0.00114378845319, 0.000191294166143, 0.00119963660836, 0.00078923482215, 0.000161282761837, 8.41386354296e-05, 0.000109136250103, 2.32556776609e-05, 0.000102270780189, 2.32429010794e-05, 6.76192867104e-05, 4.93812658533e-05, 3.33346542902e-05, 2.9701848689e-05, 2.76612136076e-05, 2.62039557128e-05, 1.71757310454e-05, 1.45991079989e-05, 1.08073109004e-05, 1.16903120215e-05, 1.87762634596e-05, 2.32182810578e-05, 4.28234125138e-06, 1.9473110624e-10, 1.95986435414e-10],
        "min": [8.65784862014e-24, 3.03659131255e-23, 1.67089022765e-23, 1.01208014241e-23, 5.29423612373e-23, 9.70811357466e-24, 7.90213012813e-23, 5.86827884487e-23, 4.6728219897e-23, 1.09862840735e-22, 6.32070635123e-23, 3.906561129e-22, 1.19101386433e-22, 1.4415366503e-22, 1.02140107043e-22, 2.87619064697e-22, 1.01501401078e-22, 3.61256667979e-22, 2.20673854412e-22, 2.47481847083e-22, 3.63711577872e-22, 5.30381453595e-22, 6.579481632e-22, 7.97123472208e-22, 1.17199426382e-21, 2.11793416223e-21, 2.45009382825e-21],
        "var": [8.67327827336e-08, 4.68643447675e-05, 2.60555862042e-05, 2.88110891233e-06, 2.95774188999e-05, 3.30337024934e-05, 1.17746890282e-06, 7.52174173613e-06, 9.07577850739e-05, 2.98904365081e-06, 3.47103537024e-06, 7.78290711878e-07, 7.92781429482e-06, 5.97184043727e-06, 2.3604470698e-06, 6.46548244276e-07, 2.41730219841e-07, 5.52283836441e-08, 3.87050391737e-08, 6.35006758287e-09, 2.16955129417e-08, 5.96367968342e-08, 3.00550553334e-08, 5.44600254671e-07, 2.59140584546e-08, 1.33348980049e-18, 1.41983246379e-18]
    },
    "erbbands": {
        "dmean": [0.0476544201374, 0.49236163497, 1.44063878059, 1.87866508961, 3.00384378433, 8.0274066925, 10.3611602783, 12.7861347198, 7.1211233139, 4.92213964462, 13.5441818237, 43.8902664185, 11.6119089127, 10.6683492661, 13.1276855469, 6.03759765625, 22.6701107025, 14.1906957626, 18.4017047882, 17.7467365265, 8.67642688751, 5.0315694809, 3.35302352905, 2.90978288651, 1.83219051361, 1.67471945286, 1.54754257202, 2.18562030792, 2.26530981064, 1.7555809021, 1.69097173214, 1.79147434235, 1.99128127098, 0.561964988708, 0.0149655425921, 0.000637253688183, 6.62778838887e-05, 1.17636700452e-05, 5.88323473494e-06, 9.41277357924e-06],
        "dmean2": [0.0821460932493, 0.823492944241, 2.30544447899, 3.16270041466, 4.71834659576, 12.8302469254, 16.2338542938, 19.0045700073, 11.6942300797, 8.32586193085, 19.7145271301, 55.9286842346, 17.9938087463, 16.6747684479, 17.8402690887, 8.87693881989, 31.7530822754, 19.6927680969, 25.709405899, 26.1873226166, 12.280049324, 6.6914525032, 4.73178339005, 4.44098424911, 2.92014932632, 2.63502025604, 2.37222242355, 3.57602882385, 3.66016983986, 2.66891336441, 2.52685689926, 2.71665692329, 2.76996803284, 0.880147814751, 0.0230625551194, 0.000959720520768, 9.72537745838e-05, 1.70309576788e-05, 8.37985498947e-06, 1.36598964673e-05],
        "dvar": [0.0173215027899, 1.22750377655, 10.9325504303, 20.43592453, 40.100025177, 467.593841553, 688.213562012, 1963.2980957, 343.434356689, 982.648864746, 2305.15942383, 15091.9541016, 9320.65332031, 1903.19128418, 1472.47692871, 335.653991699, 7906.87304688, 1709.27514648, 3686.69433594, 2392.70019531, 756.934570312, 239.80632019, 56.2787399292, 37.3097343445, 20.5247097015, 11.9208536148, 9.9319152832, 46.7698249817, 59.4526596069, 15.1225128174, 9.88348293304, 29.4996986389, 60.4999046326, 4.26739263535, 0.00290725613013, 5.21105584994e-06, 5.24743803965e-08, 1.51014456495e-09, 1.21253521113e-10, 2.11861500565e-10],
        "dvar2": [0.0463645607233, 3.18120408058, 27.1615695953, 52.8261260986, 89.0589828491, 1234.4621582, 1613.24450684, 4218.46582031, 915.930908203, 2645.64355469, 4521.30859375, 25286.0507812, 25250.1152344, 5126.58544922, 2401.79174805, 511.424163818, 14212.4472656, 2779.90478516, 7085.54150391, 4448.37402344, 1460.0814209, 432.500152588, 98.7550964355, 69.8084487915, 50.5670967102, 29.2326374054, 22.767080307, 128.535522461, 133.752670288, 33.4597587585, 21.475353241, 50.5183258057, 92.1575622559, 7.91126966476, 0.00539591442794, 8.77423008205e-06, 8.30361344129e-08, 2.32772823239e-09, 2.18888004944e-10, 4.88049656244e-10],
        "max": [1.33306336403, 11.1507787704, 38.717880249, 46.8343467712, 110.013633728, 278.32522583, 459.256835938, 913.298278809, 192.826950073, 867.796813965, 950.926086426, 2154.77026367, 2846.93261719, 714.409606934, 754.707336426, 511.41897583, 1992.98425293, 874.465515137, 963.268798828, 769.61505127, 448.63772583, 368.456390381, 162.327789307, 134.572494507, 81.6523284912, 33.5401077271, 43.1781959534, 143.933959961, 151.962158203, 56.360080719, 44.0388450623, 102.524169922, 173.797897339, 49.6709632874, 1.29702484608, 0.0528621524572, 0.00515100592747, 0.000860037165694, 0.000208609824767, 0.000186991441296],
        "mean": [0.129470348358, 1.45331430435, 3.89725518227, 3.34998345375, 4.73945522308, 11.2144870758, 19.8070220947, 23.7807807922, 10.1302585602, 6.63893890381, 27.1624031067, 103.569953918, 17.0813598633, 18.0944805145, 27.19572258, 11.6690711975, 37.5443077087, 27.4119205475, 31.7418804169, 30.242477417, 14.763302803, 9.40630054474, 6.43221616745, 5.52490663528, 3.06387782097, 2.29267287254, 2.14372634888, 2.62762188911, 3.0761475563, 2.71404337883, 2.65566134453, 2.96110343933, 3.4552667141, 0.939713776112, 0.0251041427255, 0.00114264886361, 0.000127898863866, 2.32450092881e-05, 1.77359670488e-05, 3.07034388243e-05],
        "median": [0.0252652969211, 0.882380187511, 1.85701489449, 1.26996243, 1.64742326736, 4.45755434036, 7.53294658661, 5.33791399002, 3.65744280815, 2.53439426422, 3.23724842072, 3.05782485008, 1.66372144222, 2.6311545372, 4.30844640732, 2.27802634239, 3.31039524078, 3.53575062752, 2.24686312675, 1.97085905075, 1.58860301971, 1.63159871101, 1.64216697216, 1.26927554607, 0.671675145626, 0.768992245197, 0.556377232075, 0.414848327637, 0.401669770479, 0.453477442265, 0.487317234278, 0.463169306517, 0.369730353355, 0.10764080286, 0.00295628351159, 0.000155556321261, 2.37890035351e-05, 4.53779557574e-06, 1.16617929962e-05, 2.43741415034e-05],
        "min": [1.19564767115e-21, 5.72597967192e-21, 1.89427025993e-20, 2.71319570691e-20, 2.65639925654e-20, 2.57204909685e-19, 1.74757103846e-19, 1.1620901452e-19, 6.29294091214e-19, 1.46594364703e-18, 1.43044974054e-18, 1.14933613168e-18, 3.32123066184e-18, 2.91375239311e-18, 5.5746687602e-18, 1.66916461478e-17, 6.14915438101e-18, 7.43373733457e-18, 5.9475204213e-18, 8.58994971529e-18, 1.20152252225e-17, 7.34422398459e-18, 1.58977082697e-17, 1.50159949481e-17, 1.3874051433e-17, 1.07201871196e-17, 9.79716687975e-18, 1.91245249501e-17, 1.94792183424e-17, 1.59299054479e-17, 2.11137503938e-17, 1.29805656769e-17, 1.53722980339e-17, 1.05552051193e-17, 1.03244746679e-17, 8.21732966475e-18, 3.9555491515e-18, 1.25453282608e-18, 3.73948295805e-19, 3.58056663436e-20],
        "var": [0.0344135574996, 2.84763002396, 26.657365799, 34.0103149414, 67.7319259644, 491.535003662, 1455.73632812, 3372.68115234, 405.338378906, 733.485595703, 4715.35498047, 73580.078125, 7712.18310547, 2764.8359375, 4945.82275391, 1265.01867676, 19566.3085938, 7352.76269531, 8595.50292969, 6736.07080078, 1501.2902832, 743.023925781, 190.9296875, 150.758666992, 48.9926109314, 16.4671268463, 16.096370697, 57.152431488, 100.009925842, 31.1610794067, 23.7841281891, 86.5433349609, 218.773361206, 14.1107807159, 0.00978773739189, 1.95813499886e-05, 2.08173631222e-07, 6.04281602534e-09, 5.11260145331e-10, 7.0173938882e-10]
    },
    "gfcc": {
        "mean": [-82.7317428589, 140.007659912, -123.264297485, 50.5936431885, -71.1898803711, 26.2526340485, -39.7132873535, -9.0818605423, -3.90328979492, -21.503074646, 12.0594787598, -20.1323776245, 8.17343711853],
        "cov": [[11969.1865234, -1301.97607422, -1240.42687988, 475.439239502, -410.298095703, 560.308898926, -397.977935791, 709.217224121, 548.613342285, 179.432678223, -326.548400879, 30.0453948975, 164.496780396], [-1301.97607422, 1281.91455078, 213.439071655, -246.067596436, 404.465911865, -173.03112793, 325.708435059, -149.174987793, 2.71898627281, -118.200553894, 153.20463562, -60.3716125488, -24.730052948], [-1240.42687988, 213.439071655, 1051.58068848, 350.912719727, 137.78163147, 5.85180473328, 69.1973114014, -48.76953125, -79.6047210693, 25.1553001404, 82.2476959229, 63.5860710144, 18.5855426788], [475.439239502, -246.067596436, 350.912719727, 594.846557617, 56.9849624634, 2.67496681213, -56.719165802, 16.0465393066, 7.73783826828, 47.299079895, 26.6579551697, 81.1980667114, 25.8005523682], [-410.298095703, 404.465911865, 137.78163147, 56.9849624634, 399.512451172, 18.0304355621, 141.733032227, -10.9423952103, 65.6111755371, -3.40401768684, 91.6941604614, 20.2442779541, -4.29173469543], [560.308898926, -173.03112793, 5.85180473328, 2.67496681213, 18.0304355621, 299.759094238, 94.3063659668, 57.2261772156, 33.8057136536, 66.4763565063, -3.29901146889, 6.1566195488, 3.21325588226], [-397.977935791, 325.708435059, 69.1973114014, -56.719165802, 141.733032227, 94.3063659668, 348.238250732, -19.3261756897, -8.49026966095, -9.45424556732, 47.1410598755, -20.6832962036, -13.8387098312], [709.217224121, -149.174987793, -48.76953125, 16.0465393066, -10.9423952103, 57.2261772156, -19.3261756897, 223.370925903, 121.084281921, 17.3622360229, -47.1324653625, 5.18904066086, 49.0540847778], [548.613342285, 2.71898627281, -79.6047210693, 7.73783826828, 65.6111755371, 33.8057136536, -8.49026966095, 121.084281921, 199.202453613, 27.8574104309, -31.5402603149, 16.2410488129, 44.2336235046], [179.432678223, -118.200553894, 25.1553001404, 47.299079895, -3.40401768684, 66.4763565063, -9.45424556732, 17.3622360229, 27.8574104309, 101.534439087, 32.6643218994, 13.9504756927, 11.8376169205], [-326.548400879, 153.20463562, 82.2476959229, 26.6579551697, 91.6941604614, -3.29901146889, 47.1410598755, -47.1324653625, -31.5402603149, 32.6643218994, 144.598602295, 47.629776001, -2.29342269897], [30.0453948975, -60.3716125488, 63.5860710144, 81.1980667114, 20.2442779541, 6.1566195488, -20.6832962036, 5.18904066086, 16.2410488129, 13.9504756927, 47.629776001, 124.605812073, 59.2929611206], [164.496780396, -24.730052948, 18.5855426788, 25.8005523682, -4.29173469543, 3.21325588226, -13.8387098312, 49.0540847778, 44.2336235046, 11.8376169205, -2.29342269897, 59.2929611206, 104.301124573]],
        "icov": [[0.000179783120984, -0.000268149044132, 0.00032336084405, -0.000414173671743, 0.000269311363809, -0.000471143255709, 0.000275179423625, -0.000423710269388, -2.81735792669e-05, -0.000163775956025, 0.000248606869718, -0.000131910783239, 7.00858363416e-05], [-0.000268149044132, 0.00418441882357, -0.00146522256546, 0.00222661951557, -0.00236249645241, 0.00264075607993, -0.00246006227098, 0.00271656829864, -0.00239011552185, 0.00386987766251, -0.00397412944585, 0.00356272934005, -0.00219555431977], [0.00032336084405, -0.00146522256546, 0.00218395655975, -0.00190950359683, 0.000598381506279, -0.00130792427808, 0.000793467450421, -0.00137352012098, 0.00140116771217, -0.00141803605948, 0.00128931773361, -0.00115930568427, 0.000296071259072], [-0.000414173671743, 0.00222661951557, -0.00190950359683, 0.00409705657512, -0.00186975719407, 0.00214283633977, -0.00108422781341, 0.00152335257735, -0.000758495880291, 0.000693311681971, -0.00123539427295, 8.80490406416e-05, -0.000329560978571], [0.000269311363809, -0.00236249645241, 0.000598381506279, -0.00186975719407, 0.00577899487689, -0.0018974506529, 0.000273920770269, -0.000901327875908, -0.00179906049743, -0.000115597249533, -0.000919367419556, -0.00120651908219, 0.00156924861949], [-0.000471143255709, 0.00264075607993, -0.00130792427808, 0.00214283633977, -0.0018974506529, 0.0072339004837, -0.00348973390646, 0.000831300509162, -0.00049647630658, -0.00177622470073, -0.000596926547587, 0.00046929216478, 4.94948108098e-05], [0.000275179423625, -0.00246006227098, 0.000793467450421, -0.00108422781341, 0.000273920770269, -0.00348973390646, 0.00577073357999, -0.00148485624231, 0.00147990265395, -0.000670366163831, 0.00101707223803, -0.000539052474778, 0.000469587481348], [-0.000423710269388, 0.00271656829864, -0.00137352012098, 0.00152335257735, -0.000901327875908, 0.000831300509162, -0.00148485624231, 0.00995259545743, -0.00571354059502, 0.00337747298181, -0.00228414661251, 0.0036371294409, -0.00383835355751], [-2.81735792669e-05, -0.00239011552185, 0.00140116771217, -0.000758495880291, -0.00179906049743, -0.00049647630658, 0.00147990265395, -0.00571354059502, 0.0119709419087, -0.00599170988426, 0.00578427035362, -0.0037100831978, 7.99477638793e-05], [-0.000163775956025, 0.00386987766251, -0.00141803605948, 0.000693311681971, -0.000115597249533, -0.00177622470073, -0.000670366163831, 0.00337747298181, -0.00599170988426, 0.019757065922, -0.0104088047519, 0.0064861914143, -0.00398781197146], [0.000248606869718, -0.00397412944585, 0.00128931773361, -0.00123539427295, -0.000919367419556, -0.000596926547587, 0.00101707223803, -0.00228414661251, 0.00578427035362, -0.0104088047519, 0.0176492072642, -0.00997569411993, 0.00471856398508], [-0.000131910783239, 0.00356272934005, -0.00115930568427, 8.80490406416e-05, -0.00120651908219, 0.00046929216478, -0.000539052474778, 0.0036371294409, -0.0037100831978, 0.0064861914143, -0.00997569411993, 0.018938485533, -0.0107568334788], [7.00858363416e-05, -0.00219555431977, 0.000296071259072, -0.000329560978571, 0.00156924861949, 4.94948108098e-05, 0.000469587481348, -0.00383835355751, 7.99477638793e-05, -0.00398781197146, 0.00471856398508, -0.0107568334788, 0.0175533331931]]
    },
    "melbands": {
        "dmean": [0.000496443419252, 0.000718597206287, 0.00032042976818, 0.000411845743656, 0.000359237077646, 0.000273013225524, 0.000101261059172, 5.83613182243e-05, 0.000153250264702, 0.000255086401012, 4.87122197228e-05, 4.29108731623e-05, 4.90950587846e-05, 1.70645307662e-05, 3.6842218833e-05, 3.90822060581e-05, 2.91412852675e-05, 3.5609700717e-05, 2.48621963692e-05, 1.92730749404e-05, 9.70994642557e-06, 5.7398019635e-06, 4.0279037421e-06, 2.74177227766e-06, 2.52743257079e-06, 1.54556346388e-06, 1.14841179766e-06, 1.1631216239e-06, 1.04318769445e-06, 1.02929539025e-06, 1.3999795101e-06, 1.34961578624e-06, 1.03207207758e-06, 1.06861261884e-06, 1.04397133782e-06, 9.30727651394e-07, 1.21469997794e-06, 1.52551751853e-06, 1.22144615489e-06, 2.36337029946e-07],
        "dmean2": [0.000842163455673, 0.00117050972767, 0.000532570062205, 0.000635700242128, 0.000572612741962, 0.000405193015467, 0.0001683087321, 9.59298486123e-05, 0.000215467633097, 0.000324530032231, 8.08587574284e-05, 6.751120236e-05, 6.92489484209e-05, 2.14222181967e-05, 5.4895732319e-05, 5.47549971088e-05, 4.11565124523e-05, 4.99875313835e-05, 3.64258703485e-05, 2.92276708933e-05, 1.34945357786e-05, 7.62648369346e-06, 5.93209369981e-06, 3.92141100747e-06, 3.92137280869e-06, 2.4910218599e-06, 1.83591225777e-06, 1.85323870028e-06, 1.63594268088e-06, 1.64547191162e-06, 2.30726300288e-06, 2.19475077756e-06, 1.65487506365e-06, 1.64790526469e-06, 1.58207808454e-06, 1.40873260079e-06, 1.85021417565e-06, 2.14779947783e-06, 1.82992084774e-06, 3.7442117673e-07],
        "dvar": [1.49242441694e-06, 2.45058868131e-06, 5.09413155214e-07, 8.85254564764e-07, 9.43477971305e-07, 7.74579518747e-07, 7.29385902787e-08, 1.963076528e-07, 2.07492448112e-07, 5.35618084996e-07, 2.21042327553e-07, 3.44618094061e-08, 1.80498069824e-08, 4.84629314457e-09, 1.56501638315e-08, 3.00111082652e-08, 7.92815146866e-09, 1.53009285242e-08, 5.14252551653e-09, 3.07638936548e-09, 9.42692257588e-10, 3.60754343065e-10, 8.48863826453e-11, 3.21950001381e-11, 3.18627936535e-11, 1.26588600713e-11, 7.19342554273e-12, 5.85295657426e-12, 4.65580915834e-12, 8.34531228844e-12, 1.89296703312e-11, 1.96381244599e-11, 1.23877236594e-11, 4.90837709019e-12, 4.0086350038e-12, 3.57633519153e-12, 1.75820347864e-11, 4.15067979986e-11, 2.03497912965e-11, 7.86497169475e-13],
        "dvar2": [3.9394731175e-06, 6.21464869255e-06, 1.31009880988e-06, 2.05711967283e-06, 2.43493013841e-06, 1.66293557413e-06, 1.9637549542e-07, 5.00691442085e-07, 4.10847150079e-07, 9.26675795654e-07, 6.00915200266e-07, 9.25980998545e-08, 3.15207806523e-08, 6.16562445543e-09, 3.06596206201e-08, 4.70711398748e-08, 1.27768995384e-08, 3.00789047003e-08, 9.57527301892e-09, 6.45094555551e-09, 1.73135061843e-09, 5.99383487287e-10, 1.49777662495e-10, 5.77637104815e-11, 6.02289468299e-11, 3.16762553687e-11, 1.75288967369e-11, 1.47104741582e-11, 1.08345589445e-11, 2.2497640903e-11, 5.19320315917e-11, 4.56604372367e-11, 2.56230661688e-11, 1.11553266624e-11, 8.99020441425e-12, 7.2148099127e-12, 3.02152886045e-11, 6.93539323193e-11, 3.46507926519e-11, 1.84766828573e-12],
        "max": [0.0122330337763, 0.0171757172793, 0.0087953042239, 0.0142582682893, 0.0127110881731, 0.0176858492196, 0.00290053454228, 0.0129576651379, 0.0085261343047, 0.0128892436624, 0.0138620110229, 0.00299075921066, 0.00238545727916, 0.00215853587724, 0.00336869177409, 0.00486429547891, 0.00174375344068, 0.0019632615149, 0.00127450877335, 0.000682672834955, 0.000506834010594, 0.000522263464518, 0.000210746613448, 0.00011225821072, 0.000117857431178, 6.27462795819e-05, 3.92740694224e-05, 2.37558488152e-05, 2.98178110825e-05, 6.03285043326e-05, 8.82131498656e-05, 8.43752277433e-05, 7.88435791037e-05, 3.09064344037e-05, 3.08569397021e-05, 2.51106357609e-05, 8.44798778417e-05, 0.000139118827065, 9.75068251137e-05, 1.97218214453e-05],
        "mean": [0.00142292247619, 0.00206553610042, 0.000587491376791, 0.000603195221629, 0.00066773785511, 0.00053741974989, 0.000136825314257, 7.33992783353e-05, 0.000340910803061, 0.00058770540636, 5.8028188505e-05, 6.80297016515e-05, 0.000105514285679, 2.78348561551e-05, 6.35322285234e-05, 6.42931991024e-05, 5.49789510842e-05, 6.0781956563e-05, 3.56387026841e-05, 3.12549127557e-05, 1.61326024681e-05, 1.022442666e-05, 7.30898091206e-06, 4.92092613058e-06, 4.48270702691e-06, 2.65096264229e-06, 1.51682297655e-06, 1.4997241351e-06, 1.39373230468e-06, 1.26100246689e-06, 1.60101160418e-06, 1.77727883965e-06, 1.46694389969e-06, 1.61892921824e-06, 1.565615662e-06, 1.43283898524e-06, 1.97984968509e-06, 2.52757513408e-06, 2.1024770831e-06, 3.1765509334e-07],
        "median": [0.000505914154928, 0.00140065525193, 0.000266229209956, 0.000216859654756, 0.000289732852252, 0.000130034779431, 4.18838280893e-05, 2.06438708119e-05, 2.39111286646e-05, 1.6403166228e-05, 3.83143424187e-06, 7.20407933841e-06, 1.5215021449e-05, 4.04863703807e-06, 6.38140272713e-06, 6.09895005255e-06, 5.05096477355e-06, 3.10170253215e-06, 2.34734397964e-06, 2.25134317589e-06, 1.63700906342e-06, 1.31583487928e-06, 1.43632280469e-06, 1.18527054838e-06, 9.40017230278e-07, 4.8714548484e-07, 3.67762737596e-07, 4.61544431118e-07, 3.33908928951e-07, 2.25361645789e-07, 2.19100058985e-07, 2.05268648301e-07, 1.98192338985e-07, 2.74559710078e-07, 2.74392789379e-07, 2.65262940502e-07, 2.49389700002e-07, 2.4782212904e-07, 2.22684164441e-07, 3.43465238473e-08],
        "min": [9.81160739226e-24, 9.04728163891e-24, 4.63781265827e-24, 8.54561185712e-24, 9.23933455945e-24, 2.68087870537e-24, 1.15661791959e-23, 1.44233844852e-23, 1.08058166797e-23, 7.56122073249e-24, 1.58882329219e-23, 1.07127673805e-23, 1.1947721239e-23, 4.93877760865e-23, 2.09695589583e-23, 1.05446272006e-23, 1.52339990188e-23, 9.14169645635e-24, 8.8073030518e-24, 2.19501730169e-23, 1.08502208712e-23, 5.78182071517e-24, 1.22560964332e-23, 1.58567305505e-23, 1.11802226871e-23, 1.12433394481e-23, 9.36373240218e-24, 6.42358430512e-24, 5.55526814623e-24, 7.00321050485e-24, 1.29426965104e-23, 9.9156289578e-24, 1.1166940636e-23, 8.23401337728e-24, 1.18922122526e-23, 1.03275855331e-23, 7.07189425729e-24, 1.04776252996e-23, 1.02914493928e-23, 8.35222260621e-24],
        "var": [3.03040610561e-06, 5.12402903041e-06, 8.22038145998e-07, 1.29904537971e-06, 1.45613091718e-06, 1.40105385071e-06, 8.04444368896e-08, 1.63089779903e-07, 6.43273949663e-07, 2.40310919253e-06, 1.7619649384e-07, 4.89861307074e-08, 7.12130585612e-08, 1.67595359812e-08, 4.08754381453e-08, 8.19067551561e-08, 3.61271297322e-08, 3.70241863834e-08, 1.07383453241e-08, 6.68617650135e-09, 2.14551731936e-09, 1.16471088329e-09, 2.95250435212e-10, 1.02835427673e-10, 1.16392451233e-10, 4.28492727411e-11, 1.05713909848e-11, 7.7349706501e-12, 7.5374055955e-12, 1.08178960581e-11, 2.27905212064e-11, 3.20692743194e-11, 2.27960098714e-11, 9.94235249685e-12, 9.04134753177e-12, 8.30785006761e-12, 5.27012010421e-11, 1.28379570863e-10, 7.38809638468e-11, 1.63618467733e-12]
    },
    "mfcc": {
        "mean": [-707.981262207, 134.357009888, 23.3214416504, 15.2475414276, 14.822060585, 11.3309488297, -3.06284451485, 2.88737034798, -8.73413562775, 2.12461471558, -3.81475806236, 2.32889056206, -5.43766546249],
        "cov": [[10181.5410156, -1605.88525391, -757.44354248, -227.373062134, 228.211669922, -67.3473815918, -619.869567871, 255.835968018, 362.80178833, 510.301635742, 145.042449951, -59.7113647461, -97.7248153687], [-1605.88525391, 1549.06713867, -74.6569824219, 19.6805839539, 7.74898195267, 42.905216217, 252.508529663, 64.4748535156, -59.5503044128, 15.2149858475, 17.6609916687, 18.7922592163, 34.1597366333], [-757.44354248, -74.6569824219, 789.798278809, 247.862350464, 56.4986763, 86.5623092651, 122.85962677, -23.6573677063, 20.0012302399, -132.167419434, -3.26350021362, 59.2383308411, 36.8146934509], [-227.373062134, 19.6805839539, 247.862350464, 492.946929932, 134.258499146, 40.9842071533, 40.3360900879, 31.1529350281, -15.6144657135, -51.2831573486, -59.0364646912, 88.8583526611, 56.1751670837], [228.211669922, 7.74898195267, 56.4986763, 134.258499146, 309.078887939, 11.4931249619, -59.0849914551, 36.6204719543, 41.7815856934, 24.446346283, 25.1818161011, 39.6955947876, 48.5805206299], [-67.3473815918, 42.905216217, 86.5623092651, 40.9842071533, 11.4931249619, 256.09866333, 131.098403931, 42.5965042114, 2.52305483818, 14.7892513275, 49.7171669006, 29.4364471436, 8.83178043365], [-619.869567871, 252.508529663, 122.85962677, 40.3360900879, -59.0849914551, 131.098403931, 296.542419434, 39.0115661621, -31.973443985, -9.63013458252, 24.4223556519, 38.5903701782, 4.99157238007], [255.835968018, 64.4748535156, -23.6573677063, 31.1529350281, 36.6204719543, 42.5965042114, 39.0115661621, 162.741958618, 68.7548828125, 56.5153427124, 10.6942138672, 0.395546942949, 8.92023563385], [362.80178833, -59.5503044128, 20.0012302399, -15.6144657135, 41.7815856934, 2.52305483818, -31.973443985, 68.7548828125, 175.698989868, 65.1770324707, 15.1466159821, -31.4692687988, 2.72061181068], [510.301635742, 15.2149858475, -132.167419434, -51.2831573486, 24.446346283, 14.7892513275, -9.63013458252, 56.5153427124, 65.1770324707, 212.206771851, 41.8582382202, -42.0971755981, -9.25763702393], [145.042449951, 17.6609916687, -3.26350021362, -59.0364646912, 25.1818161011, 49.7171669006, 24.4223556519, 10.6942138672, 15.1466159821, 41.8582382202, 122.626846313, 16.4120826721, -8.58026123047], [-59.7113647461, 18.7922592163, 59.2383308411, 88.8583526611, 39.6955947876, 29.4364471436, 38.5903701782, 0.395546942949, -31.4692687988, -42.0971755981, 16.4120826721, 140.227844238, 16.45129776], [-97.7248153687, 34.1597366333, 36.8146934509, 56.1751670837, 48.5805206299, 8.83178043365, 4.99157238007, 8.92023563385, 2.72061181068, -9.25763702393, -8.58026123047, 16.45129776, 89.8606338501]],
