{
"lowlevel": {
    "average_loudness": 0.887297809124,
    "barkbands_crest": {
        "dmean": 2.14142775536,
        "dmean2": 3.6153049469,
        "dvar": 4.05015325546,
        "dvar2": 10.8094778061,
        "max": 20.0389289856,
        "mean": 7.06217622757,
        "median": 6.40028572083,
        "min": 2.4747107029,
        "var": 8.15095233917
    },
    "barkbands_flatness_db": {
        "dmean": 0.0186928734183,
        "dmean2": 0.0312131531537,
        "dvar": 0.000237115775235,
        "dvar2": 0.000651676848065,
        "max": 0.242960318923,
        "mean": 0.145312950015,
        "median": 0.143685758114,
        "min": 0.0537144728005,
        "var": 0.000688926782459
    },
    "barkbands_kurtosis": {
        "dmean": 0.701029896736,
        "dmean2": 1.13963675499,
        "dvar": 0.739309430122,
        "dvar2": 1.85963284969,
        "max": 11.2157793045,
        "mean": 0.0562279708683,
        "median": -0.28396499157,
        "min": -1.6838696003,
        "var": 1.64650678635
    },
    "barkbands_skewness": {
        "dmean": 0.307403981686,
        "dmean2": 0.488536089659,
        "dvar": 0.0795071646571,
        "dvar2": 0.192905083299,
        "max": 2.60407543182,
        "mean": 0.685619473457,
        "median": 0.682473301888,
        "min": -1.94836616516,
        "var": 0.318583011627
    },
    "barkbands_spread": {
        "dmean": 4.57209300995,
        "dmean2": 7.03801441193,
        "dvar": 23.5786685944,
        "dvar2": 53.6411132812,
        "max": 84.4170379639,
        "mean": 26.6756381989,
        "median": 25.9351501465,
        "min": 6.89807939529,
        "var": 74.118019104
    },
    "dissonance": {
        "dmean": 0.0123580489308,
        "dmean2": 0.0212523527443,
        "dvar": 0.000208445853787,
        "dvar2": 0.000462608906673,
        "max": 0.499914079905,
        "mean": 0.480087846518,
        "median": 0.483451038599,
        "min": 0.188361898065,
        "var": 0.000278029241599
    },
    "dynamic_complexity": 2.95617055893,
    "erbbands_crest": {
        "dmean": 2.29235744476,
        "dmean2": 3.69628572464,
        "dvar": 5.36398029327,
        "dvar2": 12.6553325653,
        "max": 26.0417728424,
        "mean": 7.64817047119,
        "median": 6.80562019348,
        "min": 2.58942484856,
        "var": 12.1101293564
    },
    "erbbands_flatness_db": {
        "dmean": 0.0138793000951,
        "dmean2": 0.0201182067394,
        "dvar": 0.000175322027644,
        "dvar2": 0.00034816286643,
        "max": 0.28606659174,
        "mean": 0.191567137837,
        "median": 0.189134418964,
        "min": 0.10144533217,
        "var": 0.000817978230771
    },
    "erbbands_kurtosis": {
        "dmean": 0.599059700966,
        "dmean2": 0.935609698296,
        "dvar": 0.619366526604,
        "dvar2": 1.4659460783,
        "max": 9.50266838074,
        "mean": 0.043473828584,
        "median": -0.263614416122,
        "min": -1.51801979542,
        "var": 1.34128332138
    },
    "erbbands_skewness": {
        "dmean": 0.285964250565,
        "dmean2": 0.437273561954,
        "dvar": 0.0772797688842,
        "dvar2": 0.179558187723,
        "max": 2.83359217644,
        "mean": 0.0169557500631,
        "median": 0.0228969752789,
        "min": -2.75720047951,
        "var": 0.315515875816
    },
    "erbbands_spread": {
        "dmean": 5.73786878586,
        "dmean2": 8.81626987457,
        "dvar": 36.6560554504,
        "dvar2": 88.2410354614,
        "max": 85.0462799072,
        "mean": 31.9068622589,
        "median": 31.1082649231,
        "min": 8.45650100708,
        "var": 109.978233337
    },
    "hfc": {
        "dmean": 5.35715007782,
        "dmean2": 7.63511657715,
        "dvar": 84.3013305664,
        "dvar2": 164.033203125,
        "max": 123.930236816,
        "mean": 18.0249652863,
        "median": 11.696149826,
        "min": 1.19762411929e-16,
        "var": 334.242492676
    },
    "melbands_crest": {
        "dmean": 2.95069885254,
        "dmean2": 5.01832389832,
        "dvar": 7.62840843201,
        "dvar2": 21.9826469421,
        "max": 27.6812076569,
        "mean": 10.3361520767,
        "median": 9.81662368774,
        "min": 1.85571062565,
        "var": 12.8950223923
    },
    "melbands_flatness_db": {
        "dmean": 0.0187294259667,
        "dmean2": 0.0285321213305,
        "dvar": 0.000318011909258,
        "dvar2": 0.000745274010114,
        "max": 0.281319737434,
        "mean": 0.14535073936,
        "median": 0.143994152546,
        "min": 0.0057223495096,
        "var": 0.0015479848953
    },
    "melbands_kurtosis": {
        "dmean": 1.85381662846,
        "dmean2": 3.03333735466,
        "dvar": 5.25164222717,
        "dvar2": 13.7372789383,
        "max": 23.0702362061,
        "mean": 3.16010451317,
        "median": 2.25189161301,
        "min": -1.7489964962,
        "var": 12.0479621887
    },
    "melbands_skewness": {
        "dmean": 0.421178549528,
        "dmean2": 0.675493299961,
        "dvar": 0.172934010625,
        "dvar2": 0.434619575739,
        "max": 4.31857299805,
        "mean": 1.53051364422,
        "median": 1.46265912056,
        "min": -0.490210682154,
        "var": 0.556729257107
    },
    "melbands_spread": {
        "dmean": 6.89428520203,
        "dmean2": 10.7593698502,
        "dvar": 44.0103034973,
        "dvar2": 100.323410034,
        "max": 136.527420044,
        "mean": 34.8038406372,
        "median": 32.4642677307,
        "min": 9.1720905304,
        "var": 197.049804688
    },
    "pitch_salience": {
        "dmean": 0.0592158176005,
        "dmean2": 0.0977522656322,
        "dvar": 0.00263186683878,
        "dvar2": 0.00682963011786,
        "max": 0.945715606213,
        "mean": 0.621582150459,
        "median": 0.628883481026,
        "min": 0.302301555872,
        "var": 0.00628636870533
    },
    "silence_rate_20dB": {
        "dmean": 0,
        "dmean2": 0,
        "dvar": 0,
        "dvar2": 0,
        "max": 1,
        "mean": 1,
        "median": 1,
        "min": 1,
        "var": 0
    },
    "silence_rate_30dB": {
        "dmean": 0,
        "dmean2": 0,
        "dvar": 0,
        "dvar2": 0,
        "max": 1,
        "mean": 1,
        "median": 1,
        "min": 1,
        "var": 0
    },
    "silence_rate_60dB": {
        "dmean": 0.021823849529,
        "dmean2": 0.0436817482114,
        "dvar": 0.0213476382196,
        "dvar2": 0.048013702035,
        "max": 1,
        "mean": 0.0693146437407,
        "median": 0,
        "min": 0,
        "var": 0.0645095780492
    },
    "spectral_centroid": {
        "dmean": 211.194076538,
        "dmean2": 330.447021484,
        "dvar": 79638.5625,
        "dvar2": 108931.828125,
        "max": 11032.9277344,
        "mean": 1689.44824219,
        "median": 1691.37646484,
        "min": 712.39465332,
        "var": 277996.1875
    },
    "spectral_complexity": {
        "dmean": 3.80982065201,
        "dmean2": 5.69734811783,
        "dvar": 12.2179908752,
        "dvar2": 25.5604076385,
        "max": 59,
        "mean": 23.9119930267,
        "median": 21,
        "min": 0,
        "var": 145.284408569
    },
    "spectral_decrease": {
        "dmean": 1.27233157343e-09,
        "dmean2": 1.94597338243e-09,
        "dvar": 3.76818116223e-18,
        "dvar2": 8.26561467865e-18,
        "max": 8.51007474705e-29,
        "mean": -3.98136501545e-09,
        "median": -3.07251979415e-09,
        "min": -2.8369109728e-08,
        "var": 1.09020675927e-17
    },
    "spectral_energy": {
        "dmean": 0.00522761745378,
        "dmean2": 0.00790958479047,
        "dvar": 6.34591124253e-05,
        "dvar2": 0.000136419985211,
        "max": 0.118287838995,
        "mean": 0.0166615284979,
        "median": 0.0125489216298,
        "min": 1.05415994199e-20,
        "var": 0.000195010361494
    },
    "spectral_energyband_high": {
        "dmean": 0.000299272331176,
        "dmean2": 0.000471582374303,
        "dvar": 5.53956738258e-07,
        "dvar2": 1.48368144437e-06,
        "max": 0.00899228546768,
        "mean": 0.000622027786449,
        "median": 0.000295061443467,
        "min": 7.68461613496e-21,
        "var": 8.08706658972e-07
    },
    "spectral_energyband_low": {
        "dmean": 0.00201563443989,
        "dmean2": 0.00348739139736,
        "dvar": 1.65836354427e-05,
        "dvar2": 4.69350161438e-05,
        "max": 0.0368974097073,
        "mean": 0.00346494605765,
        "median": 0.00202668597922,
        "min": 9.24226154896e-23,
        "var": 1.74148462975e-05
    },
    "spectral_energyband_middle_high": {
        "dmean": 0.00210706028156,
        "dmean2": 0.00298186996952,
        "dvar": 1.82607545867e-05,
        "dvar2": 3.60613594239e-05,
        "max": 0.0800792649388,
        "mean": 0.00633940380067,
        "median": 0.00370020302944,
        "min": 1.38338626723e-21,
        "var": 5.53069767193e-05
    },
    "spectral_energyband_middle_low": {
        "dmean": 0.00282691256143,
        "dmean2": 0.00452392315492,
        "dvar": 2.3091208277e-05,
        "dvar2": 5.47193958482e-05,
        "max": 0.0880520045757,
        "mean": 0.00696959160268,
        "median": 0.00514061423019,
        "min": 2.2909896461e-22,
        "var": 4.53464017482e-05
    },
    "spectral_entropy": {
        "dmean": 0.099989593029,
        "dmean2": 0.144751012325,
        "dvar": 0.012140003033,
        "dvar2": 0.0221767183393,
        "max": 9.78672981262,
        "mean": 7.73694181442,
        "median": 7.74091339111,
        "min": 6.99074697495,
        "var": 0.047769818455
    },
    "spectral_flux": {
        "dmean": 0.0179708078504,
        "dmean2": 0.0276709087193,
        "dvar": 0.000470096158097,
        "dvar2": 0.000924425548874,
        "max": 0.275584340096,
        "mean": 0.0692468807101,
        "median": 0.0622545778751,
        "min": 1.02672294278e-10,
        "var": 0.00153405894525
    },
    "spectral_kurtosis": {
        "dmean": 1.77810037136,
        "dmean2": 3.13236665726,
        "dvar": 3.42011451721,
        "dvar2": 10.4147176743,
        "max": 17.5366859436,
        "mean": 3.04731106758,
        "median": 2.55928683281,
        "min": -1.23084497452,
        "var": 4.94004774094
    },
    "spectral_rms": {
        "dmean": 0.000571669021156,
        "dmean2": 0.000855594989844,
        "dvar": 4.89441845275e-07,
        "dvar2": 1.04295486381e-06,
        "max": 0.0107425684109,
        "mean": 0.00371512491256,
        "median": 0.00349897844717,
        "min": 3.20694360824e-12,
        "var": 2.45301703217e-06
    },
    "spectral_rolloff": {
        "dmean": 431.469207764,
        "dmean2": 699.241577148,
        "dvar": 457833.75,
        "dvar2": 836695,
        "max": 19078.4179688,
        "mean": 1971.2088623,
        "median": 1830.32226562,
        "min": 236.865234375,
        "var": 1121788
    },
    "spectral_skewness": {
        "dmean": 0.216960400343,
        "dmean2": 0.374583810568,
        "dvar": 0.0418486073613,
        "dvar2": 0.12394630909,
        "max": 2.62592148781,
        "mean": 1.09508407116,
        "median": 1.05827212334,
        "min": 0.0503113940358,
        "var": 0.100528381765
    },
    "spectral_spread": {
        "dmean": 358252.90625,
        "dmean2": 496558.03125,
        "dvar": 1.11427951002e+12,
        "dvar2": 1.0728341504e+12,
        "max": 41355056,
        "mean": 3386550.75,
        "median": 3216758.5,
        "min": 1627404,
        "var": 1.8249613312e+12
    },
    "spectral_strongpeak": {
        "dmean": 0.564930260181,
        "dmean2": 0.952239453793,
        "dvar": 0.873628675938,
        "dvar2": 2.13078761101,
        "max": 11.8049583435,
        "mean": 0.841559290886,
        "median": 0.353021323681,
        "min": 0,
        "var": 1.33413696289
    },
    "zerocrossingrate": {
        "dmean": 0.00757958646864,
        "dmean2": 0.00871821958572,
        "dvar": 0.00011809606076,
        "dvar2": 8.04529845482e-05,
        "max": 0.51123046875,
        "mean": 0.0682239979506,
        "median": 0.06591796875,
        "min": 0.01025390625,
        "var": 0.000649266235996
    },
    "barkbands": {
        "dmean": [3.94961898564e-05, 0.00116297928616, 0.000899257895071, 0.000439440336777, 0.000876113481354, 0.000635335745756, 0.000654302595649, 0.000703192374203, 0.000777768203989, 0.000894544064067, 0.000362294784281, 0.000380084326025, 0.00043032184476, 0.000458869879367, 0.000418635376263, 0.000284052657662, 0.000310286413878, 0.000255755207036, 0.000181609299034, 0.000122820594697, 8.61757143866e-05, 0.000111129375, 5.49057040189e-05, 3.34940014e-05, 9.87956718745e-06, 6.2943894541e-10, 6.60241750161e-10],
        "dmean2": [6.00924722676e-05, 0.00198291381821, 0.00160250987392, 0.000717555114534, 0.00147065147758, 0.00103480089456, 0.00110117113218, 0.00113589281682, 0.00122530548833, 0.00142062513623, 0.000579024315812, 0.000611511641182, 0.000677505042404, 0.000710558204446, 0.000689684471581, 0.000460154144093, 0.000503042363562, 0.000415902439272, 0.000289291783702, 0.000194776832359, 0.000142856588354, 0.000190137390746, 8.72542223078e-05, 4.90862512379e-05, 1.48700064528e-05, 1.1770843189e-09, 1.23494581228e-09],
        "dvar": [7.26273396978e-09, 5.6356730056e-06, 4.145335879e-06, 3.58051124749e-07, 1.72106342688e-06, 1.27804833028e-06, 4.99076895721e-06, 3.48503840542e-06, 3.40220890394e-06, 1.35544278237e-05, 1.67726545897e-06, 1.05203969269e-06, 6.46056378173e-07, 1.75517027401e-06, 1.2008063095e-06, 2.52601068951e-07, 6.57389193748e-07, 2.87171133095e-07, 1.12263656149e-07, 5.06611250728e-08, 4.92193734658e-08, 1.25541106399e-07, 1.94376710283e-08, 4.89270401971e-09, 5.36772071236e-10, 9.39228947366e-19, 1.0038492274e-18],
        "dvar2": [1.51166723583e-08, 1.57893573487e-05, 1.19677888506e-05, 9.30763405904e-07, 4.513976819e-06, 3.08662356474e-06, 1.38224459079e-05, 8.53443634696e-06, 7.78327375883e-06, 3.31211267621e-05, 4.69569704364e-06, 2.95989525512e-06, 1.44625721532e-06, 3.22464779856e-06, 3.21824063576e-06, 6.41487758912e-07, 1.74009051079e-06, 6.58293060951e-07, 2.56932139564e-07, 1.33615586151e-07, 1.35094424536e-07, 3.44354447179e-07, 5.11398852154e-08, 1.07541211491e-08, 1.03843478261e-09, 3.05394689244e-18, 3.25895554225e-18],
        "max": [0.000563361332752, 0.0221233908087, 0.0229252614081, 0.00841306336224, 0.0121811348945, 0.0188610218465, 0.0359699949622, 0.0323374047875, 0.0345146246254, 0.0699215903878, 0.0296590458602, 0.0228302851319, 0.012683076784, 0.0369198694825, 0.0174836236984, 0.0068409955129, 0.0159828346223, 0.00726065551862, 0.00518869608641, 0.00367547338828, 0.00290071964264, 0.00422346172854, 0.00177388847806, 0.000845403177664, 0.000572090793867, 9.98998128665e-09, 9.5001668754e-09],
        "mean": [4.05608116125e-05, 0.00185279501602, 0.0010687734466, 0.000809891265817, 0.00144543207716, 0.00103775202297, 0.000820570450742, 0.000997786642984, 0.0013016059529, 0.00123046222143, 0.00054855691269, 0.000619053957053, 0.000714096880984, 0.000761768082157, 0.00067220890196, 0.00053107063286, 0.000551093253307, 0.000466416822746, 0.000405916129239, 0.000294116092846, 0.000169266786543, 0.000154074805323, 8.80328007042e-05, 6.45796244498e-05, 1.56462756422e-05, 4.96272023476e-10, 5.15336107121e-10],
        "median": [3.65408982361e-06, 0.000698801246472, 0.000383582577342, 0.00056193076307, 0.000987311825156, 0.000587154761888, 0.000323120359099, 0.000292999757221, 0.000684041297063, 0.000394600792788, 0.000230318735703, 0.000253217061982, 0.000418801733758, 0.000299611943774, 0.000240836656303, 0.000264713220531, 0.000241466594161, 0.000183895404916, 0.000201670598472, 0.000133429799462, 8.2515689428e-05, 4.47561906185e-05, 2.72247525572e-05, 2.4726959964e-05, 5.09521260028e-06, 1.6096854405e-10, 1.68321800942e-10],
        "min": [6.93564535718e-24, 3.2453838615e-23, 4.68492690252e-23, 1.85108735765e-23, 7.26273943178e-24, 4.23144295363e-23, 1.04592014532e-23, 8.67264402196e-23, 4.50231096721e-23, 4.08551315249e-23, 7.49077450702e-23, 1.20962441837e-22, 1.02257811401e-22, 8.39147190723e-23, 4.23862505886e-23, 1.59100938353e-22, 2.06269544583e-22, 1.8383854349e-22, 2.71781009639e-22, 3.42577830139e-22, 4.37407443266e-22, 5.5802616894e-22, 5.73777739599e-22, 8.18110352974e-22, 1.23475911716e-21, 1.64041557794e-21, 2.50500299012e-21],
        "var": [9.13613718012e-09, 6.38049186819e-06, 3.87433601645e-06, 6.66233177071e-07, 2.29968691201e-06, 2.14052397496e-06, 4.83150188302e-06, 4.72720557809e-06, 5.40689597983e-06, 1.76325065695e-05, 1.52106304085e-06, 1.64831180882e-06, 1.0361452496e-06, 3.75918489226e-06, 2.02753722078e-06, 4.99917746311e-07, 1.08868675852e-06, 6.32326702998e-07, 2.8922423212e-07, 1.41157499911e-07, 6.68569271056e-08, 1.11697474381e-07, 2.6622075211e-08, 1.13168807658e-08, 1.22560928073e-09, 7.42213188718e-19, 7.94318019286e-19]
    },
    "erbbands": {
        "dmean": [0.0278024766594, 0.291485637426, 0.92962872982, 1.30209600925, 2.36390447617, 2.73222947121, 4.2629981041, 4.90831136703, 7.83191108704, 9.24362182617, 18.5989952087, 17.3881950378, 29.5118198395, 18.2850933075, 11.5286254883, 16.6024513245, 19.377325058, 20.7406311035, 24.8836078644, 14.0800294876, 16.1142520905, 15.7863874435, 14.0056991577, 10.7035255432, 7.47141933441, 5.63595533371, 4.04488134384, 3.36237287521, 3.94950461388, 2.94728755951, 1.34736788273, 0.690922379494, 0.604137539864, 0.20891456306, 0.00576458731666, 0.000241759320488, 2.63615420408e-05, 5.33884349352e-06, 3.75527110918e-06, 6.53390952721e-06],
        "dmean2": [0.0472285188735, 0.501204431057, 1.66061460972, 2.18783593178, 4.00645112991, 4.56858539581, 6.96783828735, 7.85212612152, 13.1734666824, 15.8979148865, 29.9350986481, 27.1419315338, 47.9128646851, 28.2131652832, 18.0905666351, 26.7047271729, 30.3326282501, 32.336643219, 40.305316925, 22.8106193542, 26.440120697, 25.4733257294, 22.5662021637, 16.6859321594, 12.1039218903, 8.88707828522, 6.67036771774, 5.70756912231, 6.81772851944, 4.84378242493, 2.11583185196, 1.02557396889, 0.906257152557, 0.308457881212, 0.00847117695957, 0.000353367708158, 3.82337457268e-05, 7.66351331549e-06, 5.48984962734e-06, 9.73504393187e-06],
        "dvar": [0.00328652607277, 0.35369643569, 4.79632425308, 3.88729977608, 12.6209659576, 18.6524295807, 61.5791854858, 88.0749359131, 607.652160645, 1188.64648438, 2805.93066406, 1858.78857422, 17736.5839844, 2428.43188477, 1224.75085449, 1792.35327148, 1099.43798828, 3802.14624023, 3819.26733398, 1466.41723633, 835.639343262, 1650.71728516, 1026.21166992, 451.173461914, 156.593109131, 104.125289917, 106.733818054, 93.0504226685, 166.519760132, 65.9485855103, 11.924331665, 2.39531779289, 1.71728003025, 0.249604389071, 0.000191538463696, 3.08546333372e-07, 3.13407966246e-09, 1.13048521933e-10, 3.51004121601e-11, 9.8798115522e-11],
        "dvar2": [0.00897838175297, 1.00325870514, 14.1305246353, 10.6408224106, 34.6108055115, 48.8350296021, 147.421325684, 219.420288086, 1793.2611084, 3237.69775391, 6874.18017578, 4292.75048828, 44950.2265625, 5865.97070312, 3306.20214844, 4977.37109375, 2462.49267578, 7675.37841797, 9804.73242188, 3801.25537109, 2085.6159668, 4313.41796875, 2263.93969727, 961.856933594, 379.288543701, 268.020355225, 294.899475098, 255.512481689, 458.805908203, 174.736526489, 31.4595794678, 5.99247407913, 3.59248590469, 0.484086960554, 0.000381707970519, 6.09809262642e-07, 6.38034070022e-09, 2.45510750618e-10, 7.2665450046e-11, 2.0618863561e-10],
        "max": [0.558829903603, 5.2090139389, 27.1961936951, 22.686498642, 34.5265731812, 40.8662643433, 103.175132751, 190.301010132, 365.659637451, 688.155395508, 883.942565918, 967.141052246, 2857.23095703, 800.072753906, 756.438476562, 721.186523438, 477.347320557, 1497.43225098, 1061.74743652, 780.83190918, 456.736968994, 780.950744629, 568.675048828, 317.990020752, 227.693054199, 163.654205322, 162.60836792, 112.774360657, 145.127822876, 103.728897095, 44.9771308899, 15.9135112762, 20.8184680939, 11.9395160675, 0.332883566618, 0.0127449724823, 0.00113796326332, 0.000172164727701, 7.92422797531e-05, 0.000146719845361],
        "mean": [0.0414534397423, 0.46177354455, 1.15872120857, 2.36443209648, 3.96717453003, 4.50652122498, 6.70473051071, 8.04003620148, 11.6085615158, 11.3162765503, 27.530960083, 30.9087810516, 41.135848999, 30.34907341, 21.4013347626, 28.5369567871, 34.2840957642, 36.7196350098, 41.2252655029, 27.2357902527, 31.0696640015, 30.4943771362, 27.6499710083, 23.2734394073, 18.1508045197, 13.4739952087, 8.66279411316, 5.74117660522, 5.48230886459, 4.38385677338, 2.17017555237, 1.27471792698, 1.13884079456, 0.360151439905, 0.00991526711732, 0.000453142885817, 5.68554605707e-05, 1.26205914057e-05, 1.21491384562e-05, 2.13008333958e-05],
        "median": [0.0143280150369, 0.178659066558, 0.506421923637, 1.62696802616, 2.69050121307, 2.91469597816, 2.83238911629, 4.51691961288, 5.37588405609, 4.94119739532, 8.44450950623, 17.3453941345, 11.9175815582, 15.6379890442, 9.96098899841, 13.156955719, 21.043182373, 15.4735813141, 15.9671916962, 11.7583179474, 15.2053871155, 14.2811374664, 11.1563920975, 11.1099624634, 8.94214725494, 6.12147426605, 4.06517601013, 2.6913599968, 1.72894585133, 1.18273043633, 0.684001624584, 0.477979212999, 0.413558989763, 0.124689348042, 0.00348050543107, 0.000168435188243, 2.59493062913e-05, 6.53520874039e-06, 8.873459592e-06, 1.58561215358e-05],
        "min": [1.28876506484e-21, 6.51166756401e-21, 4.20341877221e-20, 6.04480004082e-20, 4.76728065392e-20, 2.58312817949e-20, 2.62336505561e-19, 2.49527303583e-19, 1.61934175839e-19, 9.19072003404e-19, 1.38148519777e-18, 8.70976930856e-19, 1.64254898256e-18, 1.99326932298e-18, 3.96618876213e-18, 4.20694174736e-18, 5.31655408108e-18, 4.91472462876e-18, 2.43447153849e-18, 4.11810833984e-18, 9.31995480384e-18, 1.07753352511e-17, 9.18349812691e-18, 1.69509523806e-17, 1.14410584798e-17, 1.52377554529e-17, 1.54702659969e-17, 2.1319877185e-17, 2.42053941815e-17, 1.75382456525e-17, 1.49251258491e-17, 1.72461069668e-17, 1.38777770545e-17, 1.40634617312e-17, 8.16694940236e-18, 5.3866104887e-18, 3.443341959e-18, 1.48342269716e-18, 3.3087444222e-19, 3.73924927953e-20],
        "var": [0.00360212381929, 0.391981720924, 4.26909208298, 5.73404026031, 18.0238170624, 24.41314888, 107.753479004, 147.200363159, 667.532775879, 883.254272461, 3737.6262207, 2988.18212891, 24440.8242188, 3317.64453125, 1494.63952637, 2801.68774414, 1957.29748535, 7384.04199219, 6015.20263672, 2720.02294922, 1635.68591309, 2938.29467773, 2379.57885742, 1160.38696289, 508.238525391, 303.093353271, 168.29107666, 92.536315918, 144.30090332, 74.6659011841, 16.3219089508, 4.08155584335, 4.2660369873, 0.588463306427, 0.000441473646788, 7.5015651646e-07, 7.93895260642e-09, 2.90701934746e-10, 1.18433346463e-10, 3.29194282944e-10]
    },
    "gfcc": {
        "mean": [-30.9594039917, 129.741760254, -172.434707642, 55.2980804443, -70.0663604736, 18.4116649628, -30.9379291534, -2.30377626419, -7.52212762833, -21.6026592255, 4.5310087204, -24.0875492096, 4.6148724556],
        "cov": [[5778.77685547, -411.752471924, -267.261993408, 300.763061523, -261.953735352, 247.523498535, -101.321914673, 34.6724891663, 99.5427093506, 106.778533936, -14.6461706161, 40.038936615, 5.47484111786], [-411.752471924, 591.785949707, -45.079460144, -54.0554733276, 234.865570068, -149.780792236, 166.631790161, -38.7643318176, 37.0840263367, -5.74789333344, 50.2486953735, -34.2893867493, 23.4998207092], [-267.261993408, -45.079460144, 267.489807129, 20.5437202454, -46.9559364319, 99.230682373, -52.47473526, 49.5515327454, 10.4186811447, 18.2920341492, 6.07308149338, 20.5489673615, 13.3031663895], [300.763061523, -54.0554733276, 20.5437202454, 162.758590698, 37.7178840637, 25.2642745972, 8.03764343262, 9.00102806091, 24.6965141296, 23.2646198273, 10.5790100098, 17.5837917328, 13.1527032852], [-261.953735352, 234.865570068, -46.9559364319, 37.7178840637, 261.855743408, -59.3155021667, 101.672676086, 12.7114486694, 11.7576951981, 17.7528686523, 38.9354667664, -12.2827615738, 21.2934875488], [247.523498535, -149.780792236, 99.230682373, 25.2642745972, -59.3155021667, 189.217224121, -1.34545707703, 36.9376831055, 0.170769557357, 15.3488054276, -4.90985679626, 4.13316869736, -2.68124341965], [-101.321914673, 166.631790161, -52.47473526, 8.03764343262, 101.672676086, -1.34545707703, 176.204116821, -3.81332159042, 26.7477531433, 16.0914344788, 12.5973072052, -14.8559741974, 1.13023591042], [34.6724891663, -38.7643318176, 49.5515327454, 9.00102806091, 12.7114486694, 36.9376831055, -3.81332159042, 101.361595154, 27.452829361, 16.1780090332, 14.4345846176, 5.13277816772, 7.59337329865], [99.5427093506, 37.0840263367, 10.4186811447, 24.6965141296, 11.7576951981, 0.170769557357, 26.7477531433, 27.452829361, 91.9968795776, 33.6075973511, 4.1137843132, 1.8822811842, -9.64510631561], [106.778533936, -5.74789333344, 18.2920341492, 23.2646198273, 17.7528686523, 15.3488054276, 16.0914344788, 16.1780090332, 33.6075973511, 74.0417327881, 20.2158241272, 1.12769663334, 7.90492868423], [-14.6461706161, 50.2486953735, 6.07308149338, 10.5790100098, 38.9354667664, -4.90985679626, 12.5973072052, 14.4345846176, 4.1137843132, 20.2158241272, 58.9809303284, 25.6135044098, 8.03521537781], [40.038936615, -34.2893867493, 20.5489673615, 17.5837917328, -12.2827615738, 4.13316869736, -14.8559741974, 5.13277816772, 1.8822811842, 1.12769663334, 25.6135044098, 55.3856086731, 11.6891078949], [5.47484111786, 23.4998207092, 13.3031663895, 13.1527032852, 21.2934875488, -2.68124341965, 1.13023591042, 7.59337329865, -9.64510631561, 7.90492868423, 8.03521537781, 11.6891078949, 47.1597213745]],
        "icov": [[0.000317074416671, -0.000528122938704, 0.000991402892396, -0.000793498242274, 0.000596257043071, -0.000895464094356, 0.000623983039986, -0.000414891401306, 7.70334372646e-05, -0.000667474232614, 0.000501453934703, -0.000502149981912, 6.63758110022e-05], [-0.000528122938704, 0.0081178676337, -0.00473189586774, 0.00443785497919, -0.00434316787869, 0.00565970689058, -0.00543624581769, 0.00511418934911, -0.00530610047281, 0.00620939582586, -0.00842491164804, 0.0074045821093, -0.00482298899442], [0.000991402892396, -0.00473189586774, 0.00985357351601, -0.00368983834051, 0.00317006837577, -0.00718828802928, 0.00552895013243, -0.00440893135965, 0.0017282308545, -0.0046985312365, 0.00484124943614, -0.00538747850806, 0.000881211773958], [-0.000793498242274, 0.00443785497919, -0.00368983834051, 0.0108565157279, -0.00479867262766, 0.00238755834289, -0.00258029112592, 0.00388266099617, -0.00442174216732, 0.00260100746527, -0.00324332714081, 0.00127905560657, -0.00347189721651], [0.000596257043071, -0.00434316787869, 0.00317006837577, -0.00479867262766, 0.00969922356308, -0.00114293931983, -0.000310469360556, -0.00417013093829, 0.00324864685535, -0.00302249658853, -0.000122293597087, -0.000230191697483, 2.2558213459e-05], [-0.000895464094356, 0.00565970689058, -0.00718828802928, 0.00238755834289, -0.00114293931983, 0.0132727017626, -0.00673025008291, 0.000980493030511, -0.000523558701389, 0.0031495897565, -0.00489514600486, 0.00539482431486, -0.00121848867275], [0.000623983039986, -0.00543624581769, 0.00552895013243, -0.00258029112592, -0.000310469360556, -0.00673025008291, 0.0127281136811, -0.00182828307152, 0.00019100602367, -0.00437549734488, 0.00481094140559, -0.00368260941468, 0.00240888167173], [-0.000414891401306, 0.00511418934911, -0.00440893135965, 0.00388266099617, -0.00417013093829, 0.000980493030511, -0.00182828307152, 0.0166309699416, -0.00821759365499, 0.00501233246177, -0.0086132735014, 0.00618654256687, -0.00562145700678], [7.70334372646e-05, -0.00530610047281, 0.0017282308545, -0.00442174216732, 0.00324864685535, -0.000523558701389, 0.00019100602367, -0.00821759365499, 0.0208412762731, -0.0114579917863, 0.00953473336995, -0.0079437661916, 0.00973023101687], [-0.000667474232614, 0.00620939582586, -0.0046985312365, 0.00260100746527, -0.00302249658853, 0.0031495897565, -0.00437549734488, 0.00501233246177, -0.0114579917863, 0.0252727065235, -0.0151167707518, 0.0113369766623, -0.0083890715614], [0.000501453934703, -0.00842491164804, 0.00484124943614, -0.00324332714081, -0.000122293597087, -0.00489514600486, 0.00481094140559, -0.0086132735014, 0.00953473336995, -0.0151167707518, 0.0387162007391, -0.0236266683787, 0.00847079977393], [-0.000502149981912, 0.0074045821093, -0.00538747850806, 0.00127905560657, -0.000230191697483, 0.00539482431486, -0.00368260941468, 0.00618654256687, -0.0079437661916, 0.0113369766623, -0.0236266683787, 0.0359465815127, -0.0113747986034], [6.63758110022e-05, -0.00482298899442, 0.000881211773958, -0.00347189721651, 2.2558213459e-05, -0.00121848867275, 0.00240888167173, -0.00562145700678, 0.00973023101687, -0.0083890715614, 0.00847079977393, -0.0113747986034, 0.0298601090908]]
    },
    "melbands": {
        "dmean": [0.000286811497062, 0.000442358956207, 0.000219663619646, 0.00021221525094, 0.000128632425913, 0.000111717759864, 0.000126048718812, 0.000104066130007, 0.000153495537234, 0.000110833316285, 0.000149074709043, 7.68855170463e-05, 4.51583437098e-05, 4.47258535132e-05, 4.22804041591e-05, 3.90810637327e-05, 4.20075739385e-05, 4.363017797e-05, 2.70581422228e-05, 1.90769642359e-05, 2.07294833672e-05, 1.72420423041e-05, 1.84494965652e-05, 1.10974151539e-05, 9.57861902862e-06, 6.73857448419e-06, 5.4097931752e-06, 3.84291070077e-06, 2.84406701212e-06, 2.2470874228e-06, 2.06395361602e-06, 2.33750506595e-06, 2.25492976824e-06, 1.48772494413e-06, 8.66585480708e-07, 5.36552477115e-07, 4.02459733095e-07, 4.24580832714e-07, 4.41392870698e-07, 8.89521274416e-08],
        "dmean2": [0.000487370271003, 0.000783076975495, 0.000371706468286, 0.000360588630429, 0.000209547433769, 0.000179657479748, 0.000210738202441, 0.000177097856067, 0.000245144939981, 0.000173000385985, 0.000241930698394, 0.000118132615171, 7.03306868672e-05, 7.33141132514e-05, 6.59695069771e-05, 6.070523159e-05, 6.52286835248e-05, 7.0407280873e-05, 4.31147054769e-05, 3.12001357088e-05, 3.43678839272e-05, 2.77004455711e-05, 3.08530361508e-05, 1.75550430868e-05, 1.51449276018e-05, 1.10820037662e-05, 8.81130927155e-06, 6.24418089501e-06, 4.80046719531e-06, 3.76792127099e-06, 3.54744770448e-06, 4.0840886868e-06, 3.80161054636e-06, 2.42947271545e-06, 1.39674159527e-06, 8.34731338273e-07, 5.92821436385e-07, 6.48262016512e-07, 6.67754079586e-07, 1.36190479338e-07],
        "dvar": [3.45950667224e-07, 9.68755784925e-07, 9.77503944455e-08, 1.0925104732e-07, 5.14030631393e-08, 4.18868104646e-08, 1.60081199851e-07, 1.04292610104e-07, 1.83149921895e-07, 8.59788187313e-08, 4.51096980214e-07, 4.91726623864e-08, 2.06907682099e-08, 1.69611702461e-08, 5.20075671417e-09, 7.19067827504e-09, 1.76285421816e-08, 1.1746380757e-08, 5.54636070405e-09, 1.44578249373e-09, 1.58313773202e-09, 2.5220665556e-09, 2.2731949656e-09, 6.67138289057e-10, 4.04343503124e-10, 1.25832538833e-10, 8.53340315077e-11, 5.34053669343e-11, 4.76898347201e-11, 2.97823918305e-11, 3.74541925252e-11, 6.23109897013e-11, 4.3768044744e-11, 1.5317519822e-11, 5.20289237041e-12, 1.52037128547e-12, 7.48686702912e-13, 8.56498899582e-13, 9.96185772761e-13, 5.27493528729e-14],
        "dvar2": [9.57043653216e-07, 2.82246742245e-06, 2.63278252532e-07, 2.9279493674e-07, 1.22652537016e-07, 1.02804534663e-07, 4.59982544498e-07, 2.81761231236e-07, 4.47631265388e-07, 1.98037156451e-07, 1.13648218303e-06, 1.1252994625e-07, 5.64861188934e-08, 4.74435708497e-08, 1.27514176995e-08, 1.54563206678e-08, 3.42202781667e-08, 2.79645728796e-08, 1.39138585098e-08, 3.78056963513e-09, 3.99667454687e-09, 6.66649624392e-09, 6.0806204516e-09, 1.47285950103e-09, 8.95497453968e-10, 3.19905574253e-10, 2.1466890765e-10, 1.41187644909e-10, 1.30735255954e-10, 8.25240986657e-11, 1.03347712332e-10, 1.72134209664e-10, 1.1944061018e-10, 4.05350787658e-11, 1.39581740263e-11, 3.90750062515e-12, 1.83734668105e-12, 1.88877906371e-12, 1.88929059029e-12, 1.11724689287e-13],
        "max": [0.00580235850066, 0.0106980521232, 0.00360466702841, 0.00268116942607, 0.00280799111351, 0.00396755617112, 0.006250069011, 0.00621899170801, 0.00669026793912, 0.00665151095018, 0.0139553006738, 0.00434829667211, 0.00323693500832, 0.00326400832273, 0.00093910243595, 0.00140795053449, 0.00348979025148, 0.00161893526092, 0.00133066845592, 0.000572836608626, 0.000626251508947, 0.0010372971883, 0.00126646726858, 0.000464737298898, 0.000314308039378, 0.000220756148337, 0.000126832455862, 0.000131118911668, 0.000115624068712, 7.064606325e-05, 7.14844136382e-05, 9.83653953881e-05, 9.11578754312e-05, 5.80629748583e-05, 3.10579889629e-05, 1.49153829625e-05, 8.73513181432e-06, 1.25268315969e-05, 2.37998992816e-05, 5.07140021e-06],
        "mean": [0.000463768461486, 0.000629663583823, 0.000430947751738, 0.000343420368154, 0.000210058307857, 0.000183626281796, 0.000180050497875, 0.00013180890528, 0.000232086676988, 0.000190602091607, 0.000201262504561, 0.000122439509141, 7.51020852476e-05, 7.24289639038e-05, 7.38522649044e-05, 6.57864948153e-05, 7.01213939465e-05, 6.72491296427e-05, 4.49828439741e-05, 3.46982196788e-05, 3.56296732207e-05, 3.02156931866e-05, 3.14835233439e-05, 2.04181487788e-05, 1.88411540876e-05, 1.44314426507e-05, 1.17751560538e-05, 8.16427018435e-06, 5.73809256821e-06, 4.15389968111e-06, 3.01887848764e-06, 3.04807599605e-06, 3.04436957776e-06, 2.19738672058e-06, 1.27916734982e-06, 9.14037173061e-07, 7.11222185146e-07, 7.74429338435e-07, 7.67241999711e-07, 1.33491440124e-07],
        "median": [0.000168022699654, 0.000317415746395, 0.000309503346216, 0.000227670214372, 0.000101880919829, 0.000103310150735, 8.22670845082e-05, 5.55647784495e-05, 8.23965237942e-05, 0.000100423916592, 5.5469245126e-05, 6.17033656454e-05, 3.22249688907e-05, 2.86693648377e-05, 4.29932188126e-05, 3.76241296181e-05, 2.67436844297e-05, 2.570937977e-05, 1.70124512806e-05, 1.50321466208e-05, 1.70635994436e-05, 1.33701960294e-05, 1.30283769977e-05, 8.21260437078e-06, 8.40487155074e-06, 6.93673564456e-06, 5.10162499268e-06, 3.65743403563e-06, 2.62481262325e-06, 2.02409114536e-06, 1.31191268338e-06, 9.3093342457e-07, 7.73424289946e-07, 5.99750592301e-07, 3.91189871607e-07, 3.03023483639e-07, 2.72660457767e-07, 2.71876501756e-07, 2.59077978626e-07, 4.13063290239e-08],
        "min": [1.02220485658e-23, 1.77676214534e-23, 1.12547219221e-23, 2.20636565746e-24, 6.83314471546e-24, 6.23314618285e-24, 2.40748830904e-24, 1.4068906682e-23, 9.10796476405e-24, 6.58404413527e-24, 8.07502082842e-24, 7.30190164256e-24, 1.16233724004e-23, 1.09399340777e-23, 1.48744220187e-23, 8.98555642852e-24, 9.16249082981e-24, 3.59007915839e-24, 3.55545841984e-24, 1.0339507588e-23, 1.03756602944e-23, 1.10488237038e-23, 8.2238654706e-24, 1.03025731204e-23, 1.4571210708e-23, 7.20753257905e-24, 8.79452350513e-24, 1.09096938837e-23, 9.49633755376e-24, 1.14159493139e-23, 1.16369723624e-23, 1.39982484107e-23, 1.03310928087e-23, 9.46354145049e-24, 7.22336028425e-24, 1.09415039109e-23, 1.02609283644e-23, 9.38684366012e-24, 9.87850674133e-24, 1.23822266145e-23],
        "var": [4.00100560682e-07, 8.77100944763e-07, 1.58338252731e-07, 1.43987648471e-07, 8.87373801106e-08, 7.13303265343e-08, 1.72280834931e-07, 8.31096684806e-08, 2.44821251272e-07, 1.3776319463e-07, 6.14365944784e-07, 6.63480435037e-08, 2.35699637585e-08, 2.55310972364e-08, 9.02824659477e-09, 1.11456701646e-08, 3.47591395666e-08, 1.84273183379e-08, 9.84890924371e-09, 2.87664359e-09, 2.55718890507e-09, 3.77753694991e-09, 3.6317433505e-09, 1.31753363775e-09, 8.7723800446e-10, 3.4047636932e-10, 2.41446251881e-10, 1.20214338484e-10, 7.59047338872e-11, 4.07420729098e-11, 3.26234109171e-11, 5.08383300735e-11, 4.21246162952e-11, 1.82467322501e-11, 6.39956837523e-12, 2.49459719374e-12, 1.28796712878e-12, 2.00991306931e-12, 2.39040428077e-12, 1.05556920626e-13]
    },
    "mfcc": {
        "mean": [-637.078735352, 120.872077942, -24.2447986603, 20.8555450439, -0.889540076256, 4.47351360321, 0.661622166634, 5.4883723259, -1.87804162502, 3.97715830803, -1.55205285549, 0.169533401728, -6.08801937103],
        "cov": [[4630.12060547, -575.401916504, 6.76151800156, 28.9181480408, -87.3221511841, 178.277648926, -136.433059692, 32.9748153687, 2.89090061188, 104.336769104, 29.6200733185, -18.2352695465, 54.3638267517], [-575.401916504, 708.328430176, -223.653564453, 132.609802246, 8.19072914124, -21.5932025909, 97.3880157471, -14.8600845337, 28.5711078644, 17.9340763092, 19.6897029877, 36.1673583984, 8.71027088165], [6.76151800156, -223.653564453, 381.108917236, -132.006774902, 21.777759552, 16.2456417084, -49.5114898682, 26.1530437469, 0.900903761387, -9.06586360931, 14.7518949509, 4.46321964264, -6.4227771759], [28.9181480408, 132.609802246, -132.006774902, 211.192153931, 31.8254489899, 14.0216550827, 23.7466411591, -10.861872673, 19.3387069702, 18.0902385712, -13.3556404114, 25.131067276, 30.8497200012], [-87.3221511841, 8.19072914124, 21.777759552, 31.8254489899, 144.308013916, -19.309337616, 22.1375293732, 4.20412683487, 11.4277219772, -2.92289042473, 6.01479911804, 22.1740474701, 3.02062225342], [178.277648926, -21.5932025909, 16.2456417084, 14.0216550827, -19.309337616, 125.984169006, 29.0409736633, 12.7543725967, 10.1800584793, 33.1845054626, 7.26715707779, -3.90066623688, 8.85282421112], [-136.433059692, 97.3880157471, -49.5114898682, 23.7466411591, 22.1375293732, 29.0409736633, 132.807479858, 13.0142278671, 20.9292144775, 9.81571388245, 1.16691637039, 6.49978399277, 12.161151886], [32.9748153687, -14.8600845337, 26.1530437469, -10.861872673, 4.20412683487, 12.7543725967, 13.0142278671, 87.6321716309, 5.75790214539, 7.52983903885, 17.8015041351, 0.872774004936, 0.339622497559], [2.89090061188, 28.5711078644, 0.900903761387, 19.3387069702, 11.4277219772, 10.1800584793, 20.9292144775, 5.75790214539, 74.4170913696, 34.7416687012, 14.9116325378, 7.66345977783, 7.32356786728], [104.336769104, 17.9340763092, -9.06586360931, 18.0902385712, -2.92289042473, 33.1845054626, 9.81571388245, 7.52983903885, 34.7416687012, 83.7371673584, 21.5953025818, 9.88695430756, 7.1740860939], [29.6200733185, 19.6897029877, 14.7518949509, -13.3556404114, 6.01479911804, 7.26715707779, 1.16691637039, 17.8015041351, 14.9116325378, 21.5953025818, 70.6713027954, 15.1944036484, 8.58674430847], [-18.2352695465, 36.1673583984, 4.46321964264, 25.131067276, 22.1740474701, -3.90066623688, 6.49978399277, 0.872774004936, 7.66345977783, 9.88695430756, 15.1944036484, 59.3777694702, 25.0941162109], [54.3638267517, 8.71027088165, -6.4227771759, 30.8497200012, 3.02062225342, 8.85282421112, 12.161151886, 0.339622497559, 7.32356786728, 7.1740860939, 8.58674430847, 25.0941162109, 59.6608848572]],
