{
"lowlevel": {
    "average_loudness": 0.957096636295,
    "barkbands_crest": {
        "dmean": 2.22112560272,
        "dmean2": 3.67132353783,
        "dvar": 4.89919185638,
        "dvar2": 12.7031421661,
        "max": 21.0174560547,
        "mean": 7.29112815857,
        "median": 6.41531944275,
        "min": 2.41364765167,
        "var": 10.2993783951
    },
    "barkbands_flatness_db": {
        "dmean": 0.0182873792946,
        "dmean2": 0.0304816253483,
        "dvar": 0.000225244104513,
        "dvar2": 0.000617280660663,
        "max": 0.281455934048,
        "mean": 0.150005578995,
        "median": 0.146745979786,
        "min": 0.083573512733,
        "var": 0.000614612305071
    },
    "barkbands_kurtosis": {
        "dmean": 0.847782611847,
        "dmean2": 1.38379240036,
        "dvar": 1.82526528835,
        "dvar2": 4.37844514847,
        "max": 14.5687885284,
        "mean": -0.27577239275,
        "median": -0.881201028824,
        "min": -1.84893286228,
        "var": 3.52338862419
    },
    "barkbands_skewness": {
        "dmean": 0.448148310184,
        "dmean2": 0.699859440327,
        "dvar": 0.20459766686,
        "dvar2": 0.477581322193,
        "max": 3.67536211014,
        "mean": 0.325075298548,
        "median": 0.290825605392,
        "min": -2.10506653786,
        "var": 0.822527647018
    },
    "barkbands_spread": {
        "dmean": 5.14265441895,
        "dmean2": 8.09829807281,
        "dvar": 27.5099697113,
        "dvar2": 59.9502220154,
        "max": 84.8722763062,
        "mean": 32.0711975098,
        "median": 31.9653625488,
        "min": 7.55625677109,
        "var": 93.0178833008
    },
    "dissonance": {
        "dmean": 0.00757730053738,
        "dmean2": 0.0127231050283,
        "dvar": 5.68304240005e-05,
        "dvar2": 0.000144530858961,
        "max": 0.500000059605,
        "mean": 0.486099690199,
        "median": 0.488149404526,
        "min": 0.395936280489,
        "var": 8.79093058757e-05
    },
    "dynamic_complexity": 2.4039580822,
    "erbbands_crest": {
        "dmean": 2.42400574684,
        "dmean2": 3.92109704018,
        "dvar": 5.70083618164,
        "dvar2": 14.464641571,
        "max": 28.6802940369,
        "mean": 8.31048202515,
        "median": 7.26338577271,
        "min": 2.11668634415,
        "var": 15.2806377411
    },
    "erbbands_flatness_db": {
        "dmean": 0.0145677244291,
        "dmean2": 0.0212791822851,
        "dvar": 0.000219723457121,
        "dvar2": 0.000431273074355,
        "max": 0.31876757741,
        "mean": 0.205336019397,
        "median": 0.199404686689,
        "min": 0.108875133097,
        "var": 0.00119978236035
    },
    "erbbands_kurtosis": {
        "dmean": 1.02117490768,
        "dmean2": 1.5958250761,
        "dvar": 1.65203988552,
        "dvar2": 4.0106678009,
        "max": 17.8326816559,
        "mean": 1.13315522671,
        "median": 0.306396126747,
        "min": -1.49739921093,
        "var": 6.86712837219
    },
    "erbbands_skewness": {
        "dmean": 0.27673009038,
        "dmean2": 0.427508741617,
        "dvar": 0.0723525062203,
        "dvar2": 0.161381602287,
        "max": 0.845497727394,
        "mean": -0.723731338978,
        "median": -0.649528861046,
        "min": -3.20710158348,
        "var": 0.390890061855
    },
    "erbbands_spread": {
        "dmean": 6.6021065712,
        "dmean2": 10.3350353241,
        "dvar": 51.5428924561,
        "dvar2": 107.289611816,
        "max": 93.9528198242,
        "mean": 30.292678833,
        "median": 29.400352478,
        "min": 4.94462251663,
        "var": 199.48677063
    },
    "hfc": {
        "dmean": 5.31747150421,
        "dmean2": 7.38783454895,
        "dvar": 46.9525375366,
        "dvar2": 87.088973999,
        "max": 83.5826339722,
        "mean": 21.1003837585,
        "median": 16.352519989,
        "min": 1.22467795458e-16,
        "var": 265.747558594
    },
    "melbands_crest": {
        "dmean": 3.21285843849,
        "dmean2": 5.28078842163,
        "dvar": 9.63840007782,
        "dvar2": 26.3312454224,
        "max": 28.5182685852,
        "mean": 11.6103191376,
        "median": 10.5169563293,
        "min": 1.79942977428,
        "var": 23.850725174
    },
    "melbands_flatness_db": {
        "dmean": 0.019540540874,
        "dmean2": 0.0304013453424,
        "dvar": 0.00033482935396,
        "dvar2": 0.00083343940787,
        "max": 0.284899264574,
        "mean": 0.143011659384,
        "median": 0.138887226582,
        "min": 0.0074570197612,
        "var": 0.00114096945617
    },
    "melbands_kurtosis": {
        "dmean": 2.68349909782,
        "dmean2": 4.34385299683,
        "dvar": 22.5758686066,
        "dvar2": 55.7880897522,
        "max": 68.3829650879,
        "mean": 3.11733746529,
        "median": 0.981726884842,
        "min": -1.81011843681,
        "var": 43.1861572266
    },
    "melbands_skewness": {
        "dmean": 0.581678211689,
        "dmean2": 0.911207675934,
        "dvar": 0.380103677511,
        "dvar2": 0.883210361004,
        "max": 7.65328359604,
        "mean": 1.48908948898,
        "median": 1.37178182602,
        "min": -0.82771474123,
        "var": 1.38089823723
    },
    "melbands_spread": {
        "dmean": 9.98881053925,
        "dmean2": 16.0477600098,
        "dvar": 108.121376038,
        "dvar2": 262.458831787,
        "max": 145.3802948,
        "mean": 47.2338142395,
        "median": 46.8126449585,
        "min": 5.82375812531,
        "var": 382.260009766
    },
    "pitch_salience": {
        "dmean": 0.0634692236781,
        "dmean2": 0.102053932846,
        "dvar": 0.00301620364189,
        "dvar2": 0.00759579241276,
        "max": 0.814350068569,
        "mean": 0.603949069977,
        "median": 0.616658985615,
        "min": 0.244767040014,
        "var": 0.00810685381293
    },
    "silence_rate_20dB": {
        "dmean": 0,
        "dmean2": 0,
        "dvar": 0,
        "dvar2": 0,
        "max": 1,
        "mean": 1,
        "median": 1,
        "min": 1,
        "var": 0
    },
    "silence_rate_30dB": {
        "dmean": 0,
        "dmean2": 0,
        "dvar": 0,
        "dvar2": 0,
        "max": 1,
        "mean": 1,
        "median": 1,
        "min": 1,
        "var": 0
    },
    "silence_rate_60dB": {
        "dmean": 0.00796812772751,
        "dmean2": 0.0151515156031,
        "dvar": 0.0079045696184,
        "dvar2": 0.0165169462562,
        "max": 1,
        "mean": 0.0461783446372,
        "median": 0,
        "min": 0,
        "var": 0.0440458506346
    },
    "spectral_centroid": {
        "dmean": 232.437530518,
        "dmean2": 369.221252441,
        "dvar": 93316.6015625,
        "dvar2": 153219.421875,
        "max": 10610.6894531,
        "mean": 2089.13745117,
        "median": 2136.9753418,
        "min": 576.244567871,
        "var": 237602.671875
    },
    "spectral_complexity": {
        "dmean": 4.64382457733,
        "dmean2": 6.50797462463,
        "dvar": 20.0125923157,
        "dvar2": 32.6549377441,
        "max": 56,
        "mean": 24.8041400909,
        "median": 25,
        "min": 0,
        "var": 122.67804718
    },
    "spectral_decrease": {
        "dmean": 1.14442688659e-09,
        "dmean2": 1.75237635514e-09,
        "dvar": 2.53883981151e-18,
        "dvar2": 5.43155286574e-18,
        "max": 1.11469334433e-28,
        "mean": -3.75482001047e-09,
        "median": -3.10058956288e-09,
        "min": -1.76005894303e-08,
        "var": 6.57838625908e-18
    },
    "spectral_energy": {
        "dmean": 0.00468083564192,
        "dmean2": 0.00708633009344,
        "dvar": 4.07338957302e-05,
        "dvar2": 8.43205634737e-05,
        "max": 0.0723630785942,
        "mean": 0.0160854291171,
        "median": 0.0133503135294,
        "min": 1.06874804757e-20,
        "var": 0.000117906580272
    },
    "spectral_energyband_high": {
        "dmean": 0.000214499945287,
        "dmean2": 0.000293998426059,
        "dvar": 1.42996725572e-07,
        "dvar2": 2.2092805807e-07,
        "max": 0.00827905815095,
        "mean": 0.000594857090618,
        "median": 0.000393689784687,
        "min": 8.05312429005e-21,
        "var": 5.38809331374e-07
    },
    "spectral_energyband_low": {
        "dmean": 0.00207006698474,
        "dmean2": 0.00335753639229,
        "dvar": 1.71761203092e-05,
        "dvar2": 4.14168935094e-05,
        "max": 0.0409995950758,
        "mean": 0.00371618708596,
        "median": 0.00247587403283,
        "min": 4.90986522539e-23,
        "var": 2.38036791416e-05
    },
    "spectral_energyband_middle_high": {
        "dmean": 0.0020958785899,
        "dmean2": 0.00308110448532,
        "dvar": 8.43614725454e-06,
        "dvar2": 1.67160378624e-05,
        "max": 0.0350867137313,
        "mean": 0.00741181103513,
        "median": 0.0050228908658,
        "min": 1.17612966202e-21,
        "var": 4.35216061305e-05
    },
    "spectral_energyband_middle_low": {
        "dmean": 0.00230586458929,
        "dmean2": 0.00392248202115,
        "dvar": 1.35360533022e-05,
        "dvar2": 3.55825068254e-05,
        "max": 0.0422355011106,
        "mean": 0.00528916949406,
        "median": 0.00421099597588,
        "min": 2.66978449692e-22,
        "var": 2.09607915167e-05
    },
    "spectral_entropy": {
        "dmean": 0.0883767753839,
        "dmean2": 0.130072191358,
        "dvar": 0.00878532603383,
        "dvar2": 0.0141551522538,
        "max": 9.80269622803,
        "mean": 7.72102594376,
        "median": 7.73106098175,
        "min": 6.98555278778,
        "var": 0.0428545847535
    },
    "spectral_flux": {
        "dmean": 0.0174937397242,
        "dmean2": 0.0268809236586,
        "dvar": 0.000384352460969,
        "dvar2": 0.000806285243016,
        "max": 0.203712806106,
        "mean": 0.0734553709626,
        "median": 0.0664115548134,
        "min": 1.03380269623e-10,
        "var": 0.00120413617697
    },
    "spectral_kurtosis": {
        "dmean": 1.9258493185,
        "dmean2": 3.40729427338,
        "dvar": 3.53273129463,
        "dvar2": 10.4894752502,
        "max": 18.5222301483,
        "mean": 3.10104680061,
        "median": 2.52892494202,
        "min": -1.20789754391,
        "var": 5.69497585297
    },
    "spectral_rms": {
        "dmean": 0.000549211457837,
        "dmean2": 0.000818728993181,
        "dvar": 4.02521521892e-07,
        "dvar2": 7.76664080604e-07,
        "max": 0.00840226840228,
        "mean": 0.00373939308338,
        "median": 0.00360897416249,
        "min": 3.22905721259e-12,
        "var": 1.71004546701e-06
    },
    "spectral_rolloff": {
        "dmean": 427.832305908,
        "dmean2": 701.99395752,
        "dvar": 521385.5625,
        "dvar2": 874240.625,
        "max": 19013.8183594,
        "mean": 2454.23608398,
        "median": 2540.91796875,
        "min": 107.666015625,
        "var": 1128131.5
    },
    "spectral_skewness": {
        "dmean": 0.227539911866,
        "dmean2": 0.39210703969,
        "dvar": 0.042066372931,
        "dvar2": 0.119015611708,
        "max": 2.47162079811,
        "mean": 0.882300913334,
        "median": 0.859650194645,
        "min": -0.0277951601893,
        "var": 0.0819290801883
    },
    "spectral_spread": {
        "dmean": 311723.09375,
        "dmean2": 430616.03125,
        "dvar": 1.06523951104e+12,
        "dvar2": 876526698496,
        "max": 40547948,
        "mean": 3048388.75,
        "median": 2902343,
        "min": 1518088.625,
        "var": 1.71228790784e+12
    },
    "spectral_strongpeak": {
        "dmean": 0.83652305603,
        "dmean2": 1.40244472027,
        "dvar": 1.95878279209,
        "dvar2": 4.55154037476,
        "max": 12.1259708405,
        "mean": 1.34967756271,
        "median": 0.347196877003,
        "min": 0,
        "var": 4.47347307205
    },
    "zerocrossingrate": {
        "dmean": 0.00811519566923,
        "dmean2": 0.0096538728103,
        "dvar": 0.000196094071725,
        "dvar2": 0.000198218025616,
        "max": 0.48779296875,
        "mean": 0.0789763852954,
        "median": 0.0771484375,
        "min": 0.01220703125,
        "var": 0.000657514261547
    },
    "barkbands": {
        "dmean": [2.75310831057e-05, 0.0012127092341, 0.000719666888472, 0.0013759706635, 0.000686589104589, 0.000383414502721, 0.000450591353001, 0.000182592382771, 0.000361515471013, 0.000206123528187, 0.000154519744683, 0.000224393137614, 0.000316496239975, 0.000504958850797, 0.000811664795037, 0.000485186523292, 0.000430276995758, 0.000536982319318, 0.000230309495237, 0.000132228553412, 8.66240443429e-05, 5.35643666808e-05, 4.68941470899e-05, 2.99024650303e-05, 2.72641364063e-06, 5.80727743671e-10, 6.09051753475e-10],
        "dmean2": [4.15437207266e-05, 0.00201076921076, 0.00122964021284, 0.00239601265639, 0.00118816248141, 0.000596829049755, 0.000746067031287, 0.000301293242956, 0.000583045533858, 0.000327868823661, 0.000238382461248, 0.000375561037799, 0.000504194526002, 0.000804288079962, 0.00121485348791, 0.000743853393942, 0.00066659739241, 0.000827268289868, 0.000351133960066, 0.000205585325602, 0.000133212161018, 7.96839958639e-05, 6.19295387878e-05, 4.13389061578e-05, 4.30526051787e-06, 1.04724662275e-09, 1.0974756659e-09],
        "dvar": [7.23583637452e-09, 1.18477782962e-05, 2.30948376156e-06, 4.80337985209e-06, 1.93991218111e-06, 2.52671839007e-07, 4.55422338064e-07, 8.63015046093e-08, 3.15809700169e-07, 2.33714658293e-07, 1.54988626377e-07, 1.23863728163e-07, 4.69025280836e-07, 7.68608401813e-07, 2.57612259702e-06, 9.63044271884e-07, 4.40742184082e-07, 7.22211098036e-07, 8.92668410302e-08, 2.76766503049e-08, 1.63585927027e-08, 1.00665618064e-08, 2.26374048395e-08, 1.41378810881e-08, 3.96084241794e-11, 5.68228102878e-19, 6.21780499518e-19],
        "dvar2": [1.44334864061e-08, 2.8303840736e-05, 6.54099494568e-06, 1.4192427443e-05, 5.36132529305e-06, 6.17110629264e-07, 1.22034771266e-06, 2.11920706761e-07, 7.94225456957e-07, 5.44653005363e-07, 3.34727616291e-07, 3.2880410572e-07, 1.143406962e-06, 1.69036661646e-06, 6.10577944826e-06, 2.00484578272e-06, 1.00441968698e-06, 1.56028727361e-06, 1.97945823288e-07, 6.59788739199e-08, 3.91003176503e-08, 2.17201581165e-08, 3.15535899631e-08, 2.58353818339e-08, 9.94626186968e-11, 1.67711727395e-18, 1.835379776e-18],
        "max": [0.00104614649899, 0.036941409111, 0.0144768320024, 0.0249267593026, 0.0145705845207, 0.00658116489649, 0.00745319388807, 0.00343666016124, 0.00587298953906, 0.00824516825378, 0.00830510165542, 0.00358172110282, 0.0077152736485, 0.0127530936152, 0.0250058099627, 0.0169907864183, 0.0100584523752, 0.0118569768965, 0.00481079239398, 0.00188511738088, 0.00226018601097, 0.00211339467205, 0.0046010715887, 0.00274972990155, 0.000118816118629, 6.54010801071e-09, 6.68022437367e-09],
        "mean": [2.96598209388e-05, 0.00164767820388, 0.00117296585813, 0.00197572610341, 0.000923215120565, 0.000610256276559, 0.00077835295815, 0.000282187451376, 0.000598075042944, 0.000340765982401, 0.000260694068857, 0.000336511380738, 0.000506463344209, 0.000819174048956, 0.00146781350486, 0.000899203063454, 0.000898124999367, 0.00124832708389, 0.000524566916283, 0.000300782528939, 0.000195483269636, 0.000115442904644, 9.658151248e-05, 5.33422244189e-05, 4.04988122682e-06, 5.10582964797e-10, 5.30850752245e-10],
        "median": [4.09637232224e-06, 0.000655336887576, 0.000873288488947, 0.00109070434701, 0.000478642206872, 0.000366767053492, 0.000502601033077, 0.000184849253856, 0.000351004040567, 0.000117421419418, 8.30429198686e-05, 0.000217889319174, 0.000176185421878, 0.000424429599661, 0.000491884537041, 0.000368215551134, 0.000518528278917, 0.000515142572112, 0.000373183051124, 0.000211275269976, 0.00012901253649, 6.79835357005e-05, 4.05789687647e-05, 1.81494033313e-05, 1.43304998801e-06, 1.9536891549e-10, 2.08125849888e-10],
        "min": [4.61442072362e-23, 1.70818425804e-23, 2.81375522511e-24, 1.77526709615e-23, 3.30006454401e-23, 1.04593150491e-23, 2.74552088673e-23, 9.68679918409e-23, 7.0065937715e-23, 5.97256562545e-23, 5.25153886947e-23, 3.13799622647e-23, 7.52661088022e-23, 1.13258135936e-22, 1.51690580958e-22, 8.19302605791e-23, 1.4373200941e-22, 1.63000574419e-22, 1.77716869269e-22, 2.84335838231e-22, 4.90043625498e-22, 6.08420572562e-22, 8.05311671699e-22, 9.12566614012e-22, 1.13740555303e-21, 1.69576629997e-21, 2.43620139449e-21],
        "var": [9.33157373595e-09, 1.44191799336e-05, 1.95770462597e-06, 6.22262359684e-06, 2.13958355744e-06, 4.63552083829e-07, 7.20577361335e-07, 1.17020562129e-07, 5.66524761325e-07, 5.37987148164e-07, 4.20744811436e-07, 1.56343332947e-07, 8.17899547201e-07, 1.69855388776e-06, 6.52621565678e-06, 2.81057850771e-06, 1.31972569761e-06, 3.16347404805e-06, 2.74469755368e-07, 7.47465236373e-08, 3.92240018243e-08, 2.72980660299e-08, 7.23702271443e-08, 3.29584963765e-08, 6.65335217476e-11, 6.05892376203e-19, 6.62830319693e-19]
    },
    "erbbands": {
        "dmean": [0.0304792970419, 0.311621338129, 0.800086081028, 2.64291095734, 3.72414207458, 2.48044657707, 1.93100667, 3.63511776924, 5.29549121857, 7.07575845718, 3.95227789879, 8.33147621155, 6.75035619736, 6.99860620499, 5.2472577095, 9.71285438538, 13.1277313232, 16.1948394775, 38.3640518188, 28.786447525, 28.2821769714, 20.6704120636, 30.9283332825, 14.8734283447, 9.15505027771, 6.27300834656, 4.06126451492, 2.89889860153, 1.94170677662, 1.63694131374, 1.3037968874, 0.82385545969, 0.391041040421, 0.0656082853675, 0.00179748423398, 9.5363240689e-05, 1.35454210977e-05, 3.4141580727e-06, 3.1378372114e-06, 5.77130458623e-06],
        "dmean2": [0.0433135405183, 0.534998297691, 1.3814997673, 4.57695245743, 6.5702548027, 4.30428314209, 3.04313874245, 5.80071496964, 8.87219905853, 11.5899095535, 6.36531925201, 13.3207645416, 10.5570163727, 10.7612752914, 8.23573112488, 16.1762619019, 20.8110561371, 24.9125385284, 60.1480522156, 41.6217308044, 42.5301818848, 30.8251914978, 47.0638237, 22.8987998962, 14.0215539932, 9.74739360809, 6.34580230713, 4.53803253174, 2.85600733757, 2.40146493912, 1.76148295403, 1.08697402477, 0.565654337406, 0.100610166788, 0.00270629394799, 0.000136344431667, 1.8061398805e-05, 4.46310332336e-06, 4.37028484157e-06, 8.51288768899e-06],
        "dvar": [0.00792991090566, 0.812569737434, 3.81455230713, 15.7804346085, 40.8460769653, 35.9336013794, 7.71937465668, 25.8925533295, 67.7553482056, 146.305358887, 38.3153762817, 191.628677368, 238.714920044, 249.370346069, 102.234153748, 196.765228271, 755.603088379, 939.323181152, 4166.55126953, 4378.24121094, 3365.86938477, 1032.73278809, 2392.77246094, 485.359313965, 123.120819092, 64.28099823, 34.9061088562, 18.7458229065, 12.0380439758, 15.663766861, 18.4236621857, 9.963971138, 2.53845882416, 0.0284125823528, 2.07747125387e-05, 7.49129256405e-08, 1.42577050166e-09, 6.89361207007e-11, 1.7792739504e-11, 5.7445166679e-11],
        "dvar2": [0.014000649564, 2.14620280266, 10.7336864471, 47.2919654846, 120.192909241, 98.609664917, 18.60222435, 64.5303039551, 172.737167358, 394.949920654, 96.8871612549, 501.87600708, 556.99420166, 571.12322998, 225.13319397, 522.012145996, 1903.38098145, 1901.44958496, 9791.55859375, 9851.25195312, 6683.94140625, 2296.23535156, 4818.13574219, 1130.58239746, 294.640838623, 148.268417358, 80.897315979, 43.4533004761, 25.2490596771, 26.9600467682, 25.4560108185, 16.0868663788, 4.9254732132, 0.0570375733078, 4.06630497309e-05, 1.36061530043e-07, 2.43918818477e-09, 1.12676826203e-10, 3.01341764042e-11, 1.11686257465e-10],
        "max": [0.865122258663, 8.77078342438, 19.553188324, 42.2132339478, 71.7846221924, 66.1306304932, 34.7576599121, 61.5881729126, 80.6857910156, 161.389846802, 83.0514831543, 176.908691406, 287.664337158, 170.71043396, 201.9815979, 137.520217896, 430.046661377, 603.586547852, 803.993896484, 1031.51879883, 1123.21618652, 422.949645996, 801.007629395, 355.030853271, 137.550521851, 102.662879944, 82.1202926636, 65.7537155151, 71.6733856201, 90.6852645874, 114.107635498, 79.8616867065, 39.4460411072, 3.01622319221, 0.0823196098208, 0.00584814418107, 0.000840130960569, 0.000181602285011, 6.51742593618e-05, 8.82975800778e-05],
        "mean": [0.0395971760154, 0.399951905012, 1.28772413731, 4.0580906868, 5.11877918243, 3.09957027435, 3.02946996689, 5.62916707993, 8.50711631775, 11.9528026581, 6.82102632523, 13.528298378, 12.2988405228, 12.0668210983, 9.20689487457, 15.8868293762, 22.8118095398, 30.9228973389, 70.8217544556, 59.5137138367, 58.6520271301, 52.0594406128, 73.114440918, 36.1136856079, 21.9511241913, 14.6219444275, 9.05875778198, 6.67085170746, 4.29924583435, 3.47968530655, 2.62470054626, 1.51038753986, 0.673735320568, 0.112128905952, 0.00317786098458, 0.000197017303435, 3.55416232196e-05, 1.0253264918e-05, 1.18739526442e-05, 2.10860798688e-05],
        "median": [0.00990734901279, 0.181516692042, 0.897647857666, 2.59522914886, 2.88803386688, 1.40421628952, 1.69377744198, 3.41689014435, 5.0136384964, 7.29361343384, 4.81148433685, 7.83887290955, 5.70473575592, 3.70774698257, 4.47257137299, 10.7189235687, 9.86368179321, 15.8354854584, 36.6781578064, 18.2289009094, 29.0244064331, 30.543712616, 30.6990337372, 22.733669281, 16.2607688904, 10.5224819183, 6.18204402924, 4.40203285217, 2.63760328293, 1.6210668087, 1.10195302963, 0.540805518627, 0.224504113197, 0.0435632690787, 0.00127239606809, 9.13263793336e-05, 2.10244888876e-05, 6.92000958225e-06, 9.57901829679e-06, 1.75935601874e-05],
        "min": [1.25625531177e-21, 1.25295507115e-21, 2.40292029953e-21, 3.58387438746e-20, 3.12670264889e-20, 1.51139959984e-19, 1.77079348792e-19, 1.12601576471e-19, 3.5097301825e-19, 9.74041774023e-19, 2.07318965261e-18, 1.54333528553e-18, 1.49702309739e-18, 2.01497081994e-18, 2.15882662745e-18, 1.55922728625e-18, 3.73760567165e-18, 4.78385638404e-18, 8.31310725352e-18, 5.23440760163e-18, 6.66207129447e-18, 7.75334586119e-18, 8.8351409381e-18, 7.42166794226e-18, 1.01956884368e-17, 1.37545461684e-17, 1.97891645723e-17, 1.67276301589e-17, 2.10686310001e-17, 2.3311961365e-17, 2.13474802021e-17, 1.68129389498e-17, 1.76079256929e-17, 1.2292803875e-17, 8.66692631591e-18, 6.22599201529e-18, 2.7735616161e-18, 1.56861258088e-18, 3.24816171413e-19, 3.50286367868e-20],
        "var": [0.01277448982, 0.771969854832, 2.96716833115, 18.9967975616, 47.1344909668, 34.3083114624, 12.9118385315, 40.7449989319, 104.755050659, 214.59815979, 55.1094856262, 331.386749268, 617.971862793, 597.959594727, 247.378463745, 283.392669678, 1327.60791016, 2737.80371094, 9534.27539062, 11853.3574219, 10081.4072266, 4162.90771484, 10783.4951172, 1719.88952637, 362.331756592, 167.619598389, 76.9414520264, 45.5881500244, 32.4750289917, 53.3634872437, 58.8786315918, 26.2289543152, 5.18658542633, 0.0596001185477, 4.61866038677e-05, 1.84906525647e-07, 3.98859789641e-09, 2.20578597054e-10, 7.34727972906e-11, 1.9816405461e-10]
    },
    "gfcc": {
        "mean": [-31.3802471161, 124.496391296, -180.640197754, 73.7811126709, -59.5831756592, 9.73526668549, -31.7438106537, -8.04015159607, 2.02147436142, -22.0595664978, 3.64720320702, -26.3169841766, -3.10179686546],
        "cov": [[3994.15771484, -130.562469482, -242.258956909, 184.18510437, -86.3695678711, 67.9441680908, -180.876251221, -11.3647050858, 18.4575786591, -46.9813308716, -10.147690773, -13.2691450119, -12.1843776703], [-130.562469482, 353.938873291, -41.5864181519, -47.652130127, 51.2291908264, -107.394981384, 76.9619674683, -41.6410331726, -1.4367736578, -6.81950378418, 19.5939769745, -18.6962718964, 15.9745283127], [-242.258956909, -41.5864181519, 353.971923828, 97.092376709, -110.908157349, 67.7615814209, -42.8375396729, 15.1402311325, -37.8105201721, 48.4387550354, 16.5877933502, -20.0017929077, 12.1133794785], [184.18510437, -47.652130127, 97.092376709, 132.439544678, 13.5633840561, 13.7068099976, -13.3599758148, 12.2458171844, 10.8565530777, 15.4947462082, 0.509186863899, 3.01056313515, -0.0413858741522], [-86.3695678711, 51.2291908264, -110.908157349, 13.5633840561, 191.633636475, -28.137008667, 45.6262779236, 9.19631195068, 42.6107025146, -28.7101593018, -12.7262020111, 14.3549127579, 9.38286018372], [67.9441680908, -107.394981384, 67.7615814209, 13.7068099976, -28.137008667, 169.439575195, 9.80729198456, 16.7818202972, -13.8735275269, 15.554889679, 7.12676620483, -7.70768404007, -1.34893023968], [-180.876251221, 76.9619674683, -42.8375396729, -13.3599758148, 45.6262779236, 9.80729198456, 113.107170105, 11.8678646088, 16.4856128693, 3.1806974411, 5.92911291122, -2.25476264954, -13.247833252], [-11.3647050858, -41.6410331726, 15.1402311325, 12.2458171844, 9.19631195068, 16.7818202972, 11.8678646088, 99.9145126343, 34.9054222107, 14.1465015411, -3.42636203766, -11.7080850601, 9.7858171463], [18.4575786591, -1.4367736578, -37.8105201721, 10.8565530777, 42.6107025146, -13.8735275269, 16.4856128693, 34.9054222107, 98.0703582764, 18.3059177399, -2.65235280991, 13.4984903336, -10.4581661224], [-46.9813308716, -6.81950378418, 48.4387550354, 15.4947462082, -28.7101593018, 15.554889679, 3.1806974411, 14.1465015411, 18.3059177399, 73.7296600342, 29.9445819855, -12.4116353989, -1.48524367809], [-10.147690773, 19.5939769745, 16.5877933502, 0.509186863899, -12.7262020111, 7.12676620483, 5.92911291122, -3.42636203766, -2.65235280991, 29.9445819855, 52.4443244934, 22.1190376282, 0.937550663948], [-13.2691450119, -18.6962718964, -20.0017929077, 3.01056313515, 14.3549127579, -7.70768404007, -2.25476264954, -11.7080850601, 13.4984903336, -12.4116353989, 22.1190376282, 67.8123245239, 20.2872142792], [-12.1843776703, 15.9745283127, 12.1133794785, -0.0413858741522, 9.38286018372, -1.34893023968, -13.247833252, 9.7858171463, -10.4581661224, -1.48524367809, 0.937550663948, 20.2872142792, 60.3888206482]],
        "icov": [[0.000485456490424, -0.000450274470495, 0.00126611709129, -0.0017223674804, 0.000920791877434, -0.000788534758613, 0.00111992051825, -0.000122216821183, -0.00032442889642, 0.000717999995686, -0.000598714163061, 0.000591914518736, -0.000161365227541], [-0.000450274470495, 0.00926096830517, -0.00304446136579, 0.00359288230538, -0.00116995011922, 0.00652952166274, -0.00819779373705, 0.00648916512728, -0.00502912793308, 0.00681301299483, -0.0114480853081, 0.0119133451954, -0.00897765252739], [0.00126611709129, -0.00304446136579, 0.00927137210965, -0.00908352155238, 0.00525608193129, -0.00441414769739, 0.00480068800971, -0.00203309487551, 0.00140688626561, -0.000870881718583, 0.00018000532873, 0.000308839866193, -0.00022213444754], [-0.0017223674804, 0.00359288230538, -0.00908352155238, 0.0181773230433, -0.00705185206607, 0.00424490543082, -0.00405444856733, 0.000920697464608, 0.000253542122664, -0.00388358626515, 0.00269694300368, -0.00294858263806, 0.00158551800996], [0.000920791877434, -0.00116995011922, 0.00525608193129, -0.00705185206607, 0.0110910469666, -0.00147940858733, -0.000748925609514, 0.000518228509463, -0.00462953234091, 0.00597547693178, -0.003049839288, 0.00359062338248, -0.00438213767484], [-0.000788534758613, 0.00652952166274, -0.00441414769739, 0.00424490543082, -0.00147940858733, 0.0118249347433, -0.00758338114247, 0.00297844829038, -0.00149960559793, 0.00276905461214, -0.00644035823643, 0.00644929008558, -0.00490845972672], [0.00111992051825, -0.00819779373705, 0.00480068800971, -0.00405444856733, -0.000748925609514, -0.00758338114247, 0.0194633733481, -0.00684497598559, 0.00391639070585, -0.00563208805397, 0.00694211106747, -0.00879148859531, 0.0101401116699], [-0.000122216821183, 0.00648916512728, -0.00203309487551, 0.000920697464608, 0.000518228509463, 0.00297844829038, -0.00684497598559, 0.0186925884336, -0.0113312155008, 0.00777348317206, -0.011446991004, 0.0155646856874, -0.0126997521147], [-0.00032442889642, -0.00502912793308, 0.00140688626561, 0.000253542122664, -0.00462953234091, -0.00149960559793, 0.00391639070585, -0.0113312155008, 0.0243544504046, -0.0184385068715, 0.0196902882308, -0.0211767945439, 0.0149367433041], [0.000717999995686, 0.00681301299483, -0.000870881718583, -0.00388358626515, 0.00597547693178, 0.00276905461214, -0.00563208805397, 0.00777348317206, -0.0184385068715, 0.0406171940267, -0.0363858230412, 0.030071709305, -0.0165788400918], [-0.000598714163061, -0.0114480853081, 0.00018000532873, 0.00269694300368, -0.003049839288, -0.00644035823643, 0.00694211106747, -0.011446991004, 0.0196902882308, -0.0363858230412, 0.0609740763903, -0.0423323772848, 0.0223708767444], [0.000591914518736, 0.0119133451954, 0.000308839866193, -0.00294858263806, 0.00359062338248, 0.00644929008558, -0.00879148859531, 0.0155646856874, -0.0211767945439, 0.030071709305, -0.0423323772848, 0.0526129007339, -0.0279061608016], [-0.000161365227541, -0.00897765252739, -0.00022213444754, 0.00158551800996, -0.00438213767484, -0.00490845972672, 0.0101401116699, -0.0126997521147, 0.0149367433041, -0.0165788400918, 0.0223708767444, -0.0279061608016, 0.035007532686]]
    },
    "melbands": {
        "dmean": [0.000296722224448, 0.000406851468142, 0.000510780198965, 0.000191179176909, 7.45609286241e-05, 7.98215987743e-05, 8.15691164462e-05, 6.80399461999e-05, 3.58947545465e-05, 5.27061893081e-05, 3.36915036314e-05, 2.89529125439e-05, 1.9674149371e-05, 2.45717928919e-05, 2.67232462647e-05, 3.04333771055e-05, 3.38835525326e-05, 6.49495923426e-05, 6.00761850365e-05, 2.90682655759e-05, 3.89273627661e-05, 2.2339336283e-05, 3.44001564372e-05, 2.37160693359e-05, 1.2775893083e-05, 8.36682647787e-06, 5.98469023316e-06, 4.12297004004e-06, 2.83859117189e-06, 2.39900214183e-06, 1.59486489792e-06, 1.19551100397e-06, 1.08548135813e-06, 9.3053057526e-07, 8.36358651668e-07, 6.79167328599e-07, 4.98384963521e-07, 3.27664650968e-07, 1.55903222776e-07, 2.24749996391e-08],
        "dmean2": [0.00046029619989, 0.00070791260805, 0.000890371622518, 0.000333003757987, 0.000118997391837, 0.000126912709675, 0.000135523092467, 0.000111377608846, 5.80495361646e-05, 8.41005166876e-05, 5.26656222064e-05, 4.47198508482e-05, 3.07396185235e-05, 4.12652443629e-05, 4.37099552073e-05, 4.65523189632e-05, 5.27214142494e-05, 0.000103043035779, 8.69378709467e-05, 4.31942607975e-05, 5.85892921663e-05, 3.39967336913e-05, 5.28840828338e-05, 3.63590734196e-05, 1.98125726456e-05, 1.29370673676e-05, 9.3080689112e-06, 6.50160018267e-06, 4.51390633316e-06, 3.88157741327e-06, 2.52118275057e-06, 1.81638927188e-06, 1.65215737979e-06, 1.35576271987e-06, 1.22347785236e-06, 8.89318528152e-07, 7.04440196841e-07, 4.82461132378e-07, 2.4619922101e-07, 3.54172975392e-08],
        "dvar": [7.0569564059e-07, 1.13038322525e-06, 6.3665640937e-07, 1.37238330922e-07, 1.65858331513e-08, 1.17965566204e-08, 1.52195038794e-08, 1.26969421643e-08, 3.15050052713e-09, 7.07467684435e-09, 6.11542727569e-09, 4.39362235483e-09, 2.01195060612e-09, 1.49039469655e-09, 2.05741157444e-09, 4.57641879947e-09, 4.09991240957e-09, 1.07866053867e-08, 1.88090005793e-08, 3.48491657753e-09, 6.32996499661e-09, 1.13811093883e-09, 3.44851303069e-09, 1.63191971048e-09, 4.02178207404e-10, 9.96733182101e-11, 6.10242203991e-11, 2.8562008661e-11, 1.69307484699e-11, 1.50882327465e-11, 5.27749762294e-12, 4.8098187759e-12, 5.03508432864e-12, 5.47145792215e-12, 7.21115311561e-12, 8.19186472129e-12, 3.78536047993e-12, 1.94133641454e-12, 2.30137577831e-13, 1.90434394125e-15],
        "dvar2": [1.48168521719e-06, 3.09376150653e-06, 1.89268462236e-06, 3.88082042946e-07, 4.15178007529e-08, 2.93053350475e-08, 3.92647905301e-08, 3.40556667311e-08, 8.38731839536e-09, 1.79170172032e-08, 1.42365639277e-08, 1.00764827593e-08, 4.31850200044e-09, 3.97486976667e-09, 5.31826760408e-09, 1.08175894908e-08, 8.37282421173e-09, 2.48761242716e-08, 4.3345419698e-08, 7.73135422349e-09, 1.28624861873e-08, 2.50686293946e-09, 6.9882535314e-09, 3.6085616717e-09, 9.3468943696e-10, 2.35911234991e-10, 1.58155849528e-10, 6.78553602196e-11, 3.92855331599e-11, 4.11706432835e-11, 1.18296102081e-11, 1.05892525651e-11, 1.1112959511e-11, 8.56767608248e-12, 1.09832360221e-11, 1.49788514925e-11, 7.01044344104e-12, 3.91120512713e-12, 4.64258134974e-13, 4.66457232405e-15],
        "max": [0.00950416084379, 0.0100111849606, 0.00892630685121, 0.00329935597256, 0.00175637286156, 0.00139711354859, 0.00116238417104, 0.00147371552885, 0.000626188586466, 0.00107290758751, 0.0014170849463, 0.000712149369065, 0.00103152426891, 0.000398046337068, 0.000634864612948, 0.000733116758056, 0.00110459933057, 0.00112281506881, 0.00225177989341, 0.000994947738945, 0.00157708430197, 0.000546831812244, 0.000865216832608, 0.000730911327992, 0.000308840797516, 0.000133478257339, 0.000103487123852, 6.09627750237e-05, 4.53380052932e-05, 7.86209784565e-05, 2.56605417235e-05, 4.70088853035e-05, 4.66354613309e-05, 5.84553308727e-05, 6.88709405949e-05, 9.28587542148e-05, 3.99239943363e-05, 3.43174142472e-05, 8.97955123946e-06, 5.83702217227e-07],
        "mean": [0.000407558633015, 0.00063131324714, 0.000793311395682, 0.000273649347946, 0.000115318689495, 0.00012752469047, 0.000135663765832, 0.000115653834655, 5.88151269767e-05, 8.5382067482e-05, 5.90434501646e-05, 4.78329566249e-05, 3.31745177391e-05, 3.54639050784e-05, 4.53302491223e-05, 5.02062648593e-05, 5.82901229791e-05, 0.000112325535156, 0.000107847714389, 5.26517396793e-05, 7.45062134229e-05, 4.89393569296e-05, 7.13233312126e-05, 5.49507967662e-05, 2.64849641098e-05, 1.80735733011e-05, 1.268010692e-05, 8.79445269675e-06, 5.68741552343e-06, 4.89120111524e-06, 3.40970768775e-06, 2.43553449764e-06, 2.12336090044e-06, 1.83030283551e-06, 1.58235764047e-06, 1.16816272566e-06, 8.47190563036e-07, 5.35313176897e-07, 2.54420967849e-07, 3.25289661873e-08],
        "median": [0.000136076734634, 0.00041555732605, 0.000497703847941, 0.00015674594033, 6.43257953925e-05, 7.97768880147e-05, 8.40578650241e-05, 7.28961167624e-05, 3.86318206438e-05, 4.93766492582e-05, 2.53102225543e-05, 1.34459260153e-05, 1.21716830108e-05, 2.18950372073e-05, 2.77698018181e-05, 1.59431983775e-05, 2.71335375146e-05, 6.11607902101e-05, 2.71312019322e-05, 1.85364988283e-05, 3.52804454451e-05, 2.88346054731e-05, 3.04746045003e-05, 2.12787781493e-05, 1.63992644957e-05, 1.33014673338e-05, 8.83784105099e-06, 6.21767367193e-06, 3.83622682421e-06, 3.11679286824e-06, 2.21068012252e-06, 1.52744257775e-06, 1.01207751868e-06, 7.79391143624e-07, 6.62587012812e-07, 4.15064505432e-07, 2.8299714927e-07, 1.62541368809e-07, 9.88944108826e-08, 1.21573542344e-08],
        "min": [9.70966999722e-24, 1.15098454553e-24, 6.0648087877e-24, 5.30126045678e-24, 7.1181625271e-24, 2.60289664944e-24, 4.93687258845e-24, 1.48007550319e-23, 1.60577654413e-23, 9.27005438082e-24, 7.24752940467e-24, 8.12282816586e-24, 7.29786188587e-24, 3.62415637177e-24, 5.50521334407e-24, 8.55720022382e-24, 8.96794589767e-24, 1.35156832623e-23, 1.00546798918e-23, 5.57161768292e-24, 8.8862459403e-24, 7.57215040033e-24, 1.22072785649e-23, 4.24526955537e-24, 6.09774018062e-24, 7.63502261448e-24, 7.8651601618e-24, 9.27314356013e-24, 1.04944051599e-23, 1.47774347258e-23, 7.42160418518e-24, 1.08934567597e-23, 1.34040657551e-23, 1.28794700977e-23, 1.05994506669e-23, 1.50516317324e-23, 8.13301788217e-24, 1.2910139432e-23, 1.17129396675e-23, 9.41472752654e-24],
        "var": [1.02780870748e-06, 9.46041325278e-07, 7.86799091657e-07, 1.51387681058e-07, 2.31586785304e-08, 2.00920240445e-08, 2.44527882387e-08, 1.90566176173e-08, 4.6224970518e-09, 1.2611134359e-08, 1.58185731181e-08, 9.95736826326e-09, 5.58707036191e-09, 1.85968551669e-09, 3.23921489631e-09, 9.55390255797e-09, 1.08283595424e-08, 2.35763000234e-08, 4.86882818507e-08, 9.46808231816e-09, 1.90749513962e-08, 4.51132242674e-09, 1.05143920237e-08, 8.05899791345e-09, 1.0745762058e-09, 2.76584338765e-10, 1.50984350022e-10, 6.44125586202e-11, 3.28848302755e-11, 3.0117672245e-11, 1.23228111742e-11, 1.03436486806e-11, 1.37952010926e-11, 1.83291732486e-11, 2.15109319246e-11, 1.67973395609e-11, 8.97932336125e-12, 3.77165876655e-12, 4.31885999403e-13, 3.22684189278e-15]
    },
    "mfcc": {
        "mean": [-634.410583496, 109.899871826, -34.9464263916, 42.2771987915, 5.21897506714, 10.3184194565, -9.67706203461, 6.94731760025, -5.55225038528, 9.00676631927, -1.3848708868, 4.51347351074, -8.63809871674],
        "cov": [[2953.18676758, -164.879135132, -153.605712891, 55.9670448303, 50.6491241455, 49.6016654968, -127.03792572, 57.3259162903, -79.921875, 25.4615154266, -44.2837524414, 24.7005500793, -38.0007858276], [-164.879135132, 386.410858154, -131.959243774, 64.41355896, -53.6215820312, -27.4284496307, 20.9119338989, -25.1999588013, 2.0417971611, -11.0845422745, -10.6758956909, 6.34125900269, 5.14949798584], [-153.605712891, -131.959243774, 460.824005127, -26.8000659943, -6.03314685822, 17.9890136719, 36.3437080383, -64.6584014893, -20.7951755524, 1.63177835941, 12.8238782883, 17.8424358368, -1.59592354298], [55.9670448303, 64.41355896, -26.8000659943, 175.731201172, 24.4418582916, -10.3488111496, -25.344461441, 1.1547614336, 13.8522863388, -4.59272956848, -12.6683473587, 30.1939735413, 12.9630069733], [50.6491241455, -53.6215820312, -6.03314685822, 24.4418582916, 118.983016968, -1.73656570911, -5.20308446884, 15.3174734116, 32.078414917, 1.80217039585, -5.29235124588, -14.0075397491, 10.3110647202], [49.6016654968, -27.4284496307, 17.9890136719, -10.3488111496, -1.73656570911, 121.358680725, 15.1585111618, 22.5889263153, -27.891166687, 15.4350366592, 3.9712934494, -2.15697860718, -5.99953651428], [-127.03792572, 20.9119338989, 36.3437080383, -25.344461441, -5.20308446884, 15.1585111618, 119.06224823, -11.7150201797, 12.2611160278, -4.0365729332, 11.9385957718, -2.45152878761, -3.41642928123], [57.3259162903, -25.1999588013, -64.6584014893, 1.1547614336, 15.3174734116, 22.5889263153, -11.7150201797, 102.931442261, 12.7908658981, 12.0987968445, 0.716695249081, -4.71330499649, -4.96753072739], [-79.921875, 2.0417971611, -20.7951755524, 13.8522863388, 32.078414917, -27.891166687, 12.2611160278, 12.7908658981, 87.336555481, 24.0298099518, 10.9246368408, -8.1396780014, 11.2894916534], [25.4615154266, -11.0845422745, 1.63177835941, -4.59272956848, 1.80217039585, 15.4350366592, -4.0365729332, 12.0987968445, 24.0298099518, 76.8948440552, 32.4994468689, 13.3971834183, -7.75020551682], [-44.2837524414, -10.6758956909, 12.8238782883, -12.6683473587, -5.29235124588, 3.9712934494, 11.9385957718, 0.716695249081, 10.9246368408, 32.4994468689, 75.5043334961, 22.9529628754, 0.459930360317], [24.7005500793, 6.34125900269, 17.8424358368, 30.1939735413, -14.0075397491, -2.15697860718, -2.45152878761, -4.71330499649, -8.1396780014, 13.3971834183, 22.9529628754, 69.3431549072, 13.7814083099], [-38.0007858276, 5.14949798584, -1.59592354298, 12.9630069733, 10.3110647202, -5.99953651428, -3.41642928123, -4.96753072739, 11.2894916534, -7.75020551682, 0.459930360317, 13.7814083099, 58.0702438354]],
