{
"lowlevel": {
    "average_loudness": 0.168451532722,
    "barkbands_crest": {
        "dmean": 1.96728348732,
        "dmean2": 2.91928577423,
        "dvar": 3.55487918854,
        "dvar2": 7.86519289017,
        "max": 25.9390907288,
        "mean": 11.9504022598,
        "median": 11.0768518448,
        "min": 2.19262337685,
        "var": 22.555814743
    },
    "barkbands_flatness_db": {
        "dmean": 0.0206415019929,
        "dmean2": 0.0323389694095,
        "dvar": 0.000333533418598,
        "dvar2": 0.000783421797678,
        "max": 0.371422886848,
        "mean": 0.230187803507,
        "median": 0.232643052936,
        "min": 0.0262156482786,
        "var": 0.00215024314821
    },
    "barkbands_kurtosis": {
        "dmean": 3.4006280899,
        "dmean2": 5.04709863663,
        "dvar": 30.0738773346,
        "dvar2": 62.1186256409,
        "max": 116.028755188,
        "mean": 9.09857368469,
        "median": 5.47693920135,
        "min": -1.73964369297,
        "var": 169.16947937
    },
    "barkbands_skewness": {
        "dmean": 0.441855818033,
        "dmean2": 0.667523026466,
        "dvar": 0.245595544577,
        "dvar2": 0.505674242973,
        "max": 8.82327842712,
        "mean": 2.12776780128,
        "median": 1.94507443905,
        "min": -1.86135113239,
        "var": 1.71100068092
    },
    "barkbands_spread": {
        "dmean": 2.35970711708,
        "dmean2": 3.53813719749,
        "dvar": 19.7777519226,
        "dvar2": 36.3438301086,
        "max": 83.8006744385,
        "mean": 10.4445323944,
        "median": 7.66133737564,
        "min": 1.02986633778,
        "var": 115.856903076
    },
    "dissonance": {
        "dmean": 0.0245092362165,
        "dmean2": 0.0398809239268,
        "dvar": 0.000536318286322,
        "dvar2": 0.00123595271725,
        "max": 0.49799773097,
        "mean": 0.434221863747,
        "median": 0.439009636641,
        "min": 0,
        "var": 0.0013722620206
    },
    "dynamic_complexity": 5.80051708221,
    "erbbands_crest": {
        "dmean": 2.36094641685,
        "dmean2": 3.45635008812,
        "dvar": 4.6062130928,
        "dvar2": 9.45466136932,
        "max": 30.9699497223,
        "mean": 12.0562667847,
        "median": 10.7964754105,
        "min": 3.12302064896,
        "var": 31.0408172607
    },
    "erbbands_flatness_db": {
        "dmean": 0.0121839996427,
        "dmean2": 0.0167409740388,
        "dvar": 0.000135777881951,
        "dvar2": 0.000217265333049,
        "max": 0.39146310091,
        "mean": 0.243605211377,
        "median": 0.24657087028,
        "min": 0.0913823023438,
        "var": 0.00210941652767
    },
    "erbbands_kurtosis": {
        "dmean": 1.25102424622,
        "dmean2": 1.86561846733,
        "dvar": 3.26955771446,
        "dvar2": 6.85478830338,
        "max": 32.6245002747,
        "mean": 1.877810359,
        "median": 0.825238704681,
        "min": -1.63032627106,
        "var": 13.5247106552
    },
    "erbbands_skewness": {
        "dmean": 0.333200156689,
        "dmean2": 0.47840064764,
        "dvar": 0.0938029363751,
        "dvar2": 0.185122802854,
        "max": 4.96120834351,
        "mean": 1.14349126816,
        "median": 1.05676162243,
        "min": -1.09631121159,
        "var": 0.690803647041
    },
    "erbbands_spread": {
        "dmean": 4.24673938751,
        "dmean2": 6.15774679184,
        "dvar": 27.4227714539,
        "dvar2": 59.1780319214,
        "max": 112.809143066,
        "mean": 25.7552566528,
        "median": 22.9708309174,
        "min": 3.94615674019,
        "var": 186.111618042
    },
    "hfc": {
        "dmean": 1.47949135303,
        "dmean2": 2.03226089478,
        "dvar": 12.7235631943,
        "dvar2": 24.1883106232,
        "max": 78.0328063965,
        "mean": 6.66808271408,
        "median": 3.08342003822,
        "min": 1.20847249376e-16,
        "var": 109.71849823
    },
    "melbands_crest": {
        "dmean": 2.39257502556,
        "dmean2": 3.60711932182,
        "dvar": 5.31852483749,
        "dvar2": 11.7297210693,
        "max": 33.8447532654,
        "mean": 15.3773441315,
        "median": 14.0020551682,
        "min": 2.34129977226,
        "var": 33.7416343689
    },
    "melbands_flatness_db": {
        "dmean": 0.0181017555296,
        "dmean2": 0.0251430477947,
        "dvar": 0.000311693176627,
        "dvar2": 0.000547703180928,
        "max": 0.417043805122,
        "mean": 0.259656637907,
        "median": 0.263107508421,
        "min": 0.00665555940941,
        "var": 0.00368350325152
    },
    "melbands_kurtosis": {
        "dmean": 5.63847827911,
        "dmean2": 8.67391586304,
        "dvar": 97.8624572754,
        "dvar2": 210.507583618,
        "max": 190.108886719,
        "mean": 15.2708206177,
        "median": 9.04954338074,
        "min": -1.14732944965,
        "var": 414.855102539
    },
    "melbands_skewness": {
        "dmean": 0.514086306095,
        "dmean2": 0.768876314163,
        "dvar": 0.314570397139,
        "dvar2": 0.68573153019,
        "max": 10.4926166534,
        "mean": 2.53173685074,
        "median": 2.20573067665,
        "min": -0.580184519291,
        "var": 2.32303643227
    },
    "melbands_spread": {
        "dmean": 2.95857524872,
        "dmean2": 4.31553602219,
        "dvar": 32.703327179,
        "dvar2": 44.4321975708,
        "max": 135.156295776,
        "mean": 12.1150941849,
        "median": 9.10186290741,
        "min": 1.09425699711,
        "var": 153.575683594
    },
    "pitch_salience": {
        "dmean": 0.0522090829909,
        "dmean2": 0.0795281454921,
        "dvar": 0.00205673929304,
        "dvar2": 0.00464192638174,
        "max": 0.971784472466,
        "mean": 0.527810037136,
        "median": 0.546024680138,
        "min": 0.133266761899,
        "var": 0.014782063663
    },
    "silence_rate_20dB": {
        "dmean": 0,
        "dmean2": 0,
        "dvar": 0,
        "dvar2": 0,
        "max": 1,
        "mean": 1,
        "median": 1,
        "min": 1,
        "var": 0
    },
    "silence_rate_30dB": {
        "dmean": 0.00463678501546,
        "dmean2": 0.00928074214607,
        "dvar": 0.00461524585262,
        "dvar2": 0.0122879082337,
        "max": 1,
        "mean": 0.996911168098,
        "median": 1,
        "min": 0,
        "var": 0.00307925837114
    },
    "silence_rate_60dB": {
        "dmean": 0.0417310670018,
        "dmean2": 0.0835266858339,
        "dvar": 0.0399902388453,
        "dvar2": 0.0858292877674,
        "max": 1,
        "mean": 0.278764486313,
        "median": 0,
        "min": 0,
        "var": 0.201056733727
    },
    "spectral_centroid": {
        "dmean": 110.373756409,
        "dmean2": 164.049118042,
        "dvar": 100115.789062,
        "dvar2": 116621.1875,
        "max": 11108.3730469,
        "mean": 748.257080078,
        "median": 646.389160156,
        "min": 209.524398804,
        "var": 252537.453125
    },
    "spectral_complexity": {
        "dmean": 1.41267383099,
        "dmean2": 2.37122964859,
        "dvar": 2.03835701942,
        "dvar2": 5.20788621902,
        "max": 27,
        "mean": 9.09729766846,
        "median": 9,
        "min": 0,
        "var": 27.2229728699
    },
    "spectral_decrease": {
        "dmean": 7.64430629907e-10,
        "dmean2": 1.1214363882e-09,
        "dvar": 3.97010132642e-18,
        "dvar2": 7.88057533839e-18,
        "max": 6.48808363001e-29,
        "mean": -3.21608917275e-09,
        "median": -1.59395008303e-09,
        "min": -4.85597766442e-08,
        "var": 2.53453185488e-17
    },
    "spectral_energy": {
        "dmean": 0.00298996409401,
        "dmean2": 0.00438145501539,
        "dvar": 6.05460445513e-05,
        "dvar2": 0.000120257260278,
        "max": 0.190353617072,
        "mean": 0.0127430902794,
        "median": 0.00630210293457,
        "min": 1.0716326784e-20,
        "var": 0.000393746217014
    },
    "spectral_energyband_high": {
        "dmean": 4.61586023448e-05,
        "dmean2": 6.08179252595e-05,
        "dvar": 3.80175819714e-08,
        "dvar2": 5.56280852493e-08,
        "max": 0.00590139860287,
        "mean": 0.000141610144055,
        "median": 1.17512208817e-05,
        "min": 7.88526478684e-21,
        "var": 2.44957959694e-07
    },
    "spectral_energyband_low": {
        "dmean": 0.000184638978681,
        "dmean2": 0.000271443102974,
        "dvar": 9.6868205901e-08,
        "dvar2": 1.80734005539e-07,
        "max": 0.00565753271803,
        "mean": 0.000794671475887,
        "median": 0.000387148786103,
        "min": 9.1431389674e-23,
        "var": 9.57478960117e-07
    },
    "spectral_energyband_middle_high": {
        "dmean": 0.00042560568545,
        "dmean2": 0.000617582409177,
        "dvar": 2.07971197597e-06,
        "dvar2": 3.82248617825e-06,
        "max": 0.0407263152301,
        "mean": 0.00126711884513,
        "median": 0.000601479026955,
        "min": 1.49117541352e-21,
        "var": 7.30379315428e-06
    },
    "spectral_energyband_middle_low": {
        "dmean": 0.00289580458775,
        "dmean2": 0.00420548347756,
        "dvar": 5.8462137531e-05,
        "dvar2": 0.000116847899335,
        "max": 0.186042651534,
        "mean": 0.0108137009665,
        "median": 0.004715598654,
        "min": 2.82259657303e-22,
        "var": 0.000336491473718
    },
    "spectral_entropy": {
        "dmean": 0.133806914091,
        "dmean2": 0.186304435134,
        "dvar": 0.0213069617748,
        "dvar2": 0.0309164654464,
        "max": 9.80993080139,
        "mean": 6.93256044388,
        "median": 6.91493368149,
        "min": 5.73898983002,
        "var": 0.184067636728
    },
    "spectral_flux": {
        "dmean": 0.00927979312837,
        "dmean2": 0.0153967086226,
        "dvar": 0.000298716535326,
        "dvar2": 0.000857009668835,
        "max": 0.343813359737,
        "mean": 0.0339937061071,
        "median": 0.0273009557277,
        "min": 1.03519692818e-10,
        "var": 0.000793170183897
    },
    "spectral_kurtosis": {
        "dmean": 3.98543715477,
        "dmean2": 6.9661860466,
        "dvar": 16.2410545349,
        "dvar2": 48.2207183838,
        "max": 34.528755188,
        "mean": 7.64366912842,
        "median": 6.43126487732,
        "min": -1.17648148537,
        "var": 31.7617607117
    },
    "spectral_rms": {
        "dmean": 0.000342628598446,
        "dmean2": 0.00048678155872,
        "dvar": 3.00365286421e-07,
        "dvar2": 6.03748787853e-07,
        "max": 0.0136275766417,
        "mean": 0.00288648041897,
        "median": 0.002479595365,
        "min": 3.23341201904e-12,
        "var": 4.10050233768e-06
    },
    "spectral_rolloff": {
        "dmean": 203.56652832,
        "dmean2": 330.024658203,
        "dvar": 414967.59375,
        "dvar2": 567751.1875,
        "max": 18109.4238281,
        "mean": 881.479736328,
        "median": 645.99609375,
        "min": 172.265625,
        "var": 1399578.375
    },
    "spectral_skewness": {
        "dmean": 0.365456849337,
        "dmean2": 0.622071504593,
        "dvar": 0.106554470956,
        "dvar2": 0.310722231865,
        "max": 3.87094926834,
        "mean": 1.86624634266,
        "median": 1.8191422224,
        "min": -0.016099780798,
        "var": 0.337675035
    },
    "spectral_spread": {
        "dmean": 307907.25,
        "dmean2": 434517.46875,
        "dvar": 1.05557150925e+12,
        "dvar2": 676257923072,
        "max": 40604068,
        "mean": 3083914.75,
        "median": 2638960,
        "min": 1215817.5,
        "var": 3.1146049536e+12
    },
    "spectral_strongpeak": {
        "dmean": 0.215638101101,
        "dmean2": 0.316129148006,
        "dvar": 0.0981142818928,
        "dvar2": 0.20098516345,
        "max": 5.83367538452,
        "mean": 0.764449238777,
        "median": 0.546811521053,
        "min": 0,
        "var": 0.57669699192
    },
    "zerocrossingrate": {
        "dmean": 0.00526430597529,
        "dmean2": 0.00566527107731,
        "dvar": 0.000133377776365,
        "dvar2": 6.33460294921e-05,
        "max": 0.51220703125,
        "mean": 0.0360136628151,
        "median": 0.02978515625,
        "min": 0.0009765625,
        "var": 0.000925929227378
    },
    "barkbands": {
        "dmean": [1.7972772639e-06, 9.75266229943e-05, 5.67348761251e-05, 0.000270406831987, 0.00119103468023, 0.0013853807468, 0.000571692537051, 0.000286508991849, 0.00022207161237, 0.000181838171557, 0.000118882351671, 8.59450447024e-05, 9.8343953141e-05, 0.000110876797407, 5.86207752349e-05, 5.01464601257e-05, 4.46817030024e-05, 2.2971047656e-05, 1.55066663865e-05, 1.71772589965e-05, 9.81293214863e-06, 8.97561039892e-06, 9.61820842349e-06, 2.01459715754e-05, 6.23256755716e-06, 4.76418682283e-10, 5.01055918978e-10],
        "dmean2": [3.07051072923e-06, 0.00013530018623, 9.07289650058e-05, 0.000451096973848, 0.00177906523459, 0.0020588147454, 0.000768095545936, 0.000416830414906, 0.000279014609987, 0.000255499529885, 0.000184466203791, 0.000129031352117, 0.000148844497744, 0.000151244748849, 9.65289655142e-05, 8.03239745437e-05, 7.62515555834e-05, 3.83785227314e-05, 2.56913153862e-05, 2.76176106127e-05, 1.52921220433e-05, 1.34583888212e-05, 1.41428063216e-05, 2.65995040536e-05, 8.89515922609e-06, 8.70305161271e-10, 9.15351461295e-10],
        "dvar": [9.52847089425e-12, 5.8010563464e-08, 7.80272646494e-09, 4.52205910051e-07, 1.03510510598e-05, 4.66196979687e-05, 1.89831268926e-06, 5.45171019439e-07, 3.93104897967e-07, 8.20026912152e-07, 6.40728714529e-08, 6.96771849107e-08, 7.74887439547e-07, 3.47218758634e-07, 6.88576164976e-08, 1.22483116982e-08, 1.37931603916e-08, 2.91913826445e-09, 1.12099307614e-09, 1.78645387372e-09, 9.26934973222e-10, 1.4457475217e-09, 2.6578368395e-09, 1.1156897628e-08, 1.3873632243e-09, 1.51466561909e-18, 1.67479310322e-18],
        "dvar2": [2.6839235695e-11, 8.13071068251e-08, 1.85833730626e-08, 1.31023466565e-06, 2.12188206206e-05, 9.65888684732e-05, 4.0013560465e-06, 1.25915812532e-06, 4.31244075116e-07, 1.03019704056e-06, 1.40743281918e-07, 1.15272037249e-07, 1.75314073658e-06, 5.73946465465e-07, 1.70751818018e-07, 2.64552806328e-08, 3.66431720522e-08, 7.58290141789e-09, 2.93282664821e-09, 4.27375468348e-09, 2.06394745739e-09, 3.51520257347e-09, 5.58324053657e-09, 1.87762996262e-08, 2.89281310017e-09, 4.87580619453e-18, 5.36314254754e-18],
        "max": [3.86908141081e-05, 0.00545807275921, 0.00232986500487, 0.014672446996, 0.0746495872736, 0.18002140522, 0.0335278734565, 0.011534627527, 0.0226713102311, 0.0333069823682, 0.00529971113428, 0.00997033622116, 0.0279207359999, 0.0187523812056, 0.00829057022929, 0.00231219385751, 0.00261939642951, 0.00114676449448, 0.000520408095326, 0.000732844462618, 0.000756860943511, 0.00106511299964, 0.00137800828088, 0.00322173978202, 0.00109468237497, 1.61734856619e-08, 1.6799747371e-08],
        "mean": [2.2319134132e-06, 0.000389411317883, 0.000235247935052, 0.000627491332125, 0.00354330777191, 0.00402498058975, 0.00132327422034, 0.000560839078389, 0.000528357864823, 0.000331832357915, 0.00020258067525, 0.000148547827848, 0.000138053481351, 0.000167198290001, 9.61478581303e-05, 9.2652051535e-05, 8.68886272656e-05, 4.54223627457e-05, 3.6515553802e-05, 3.88470580219e-05, 2.34708240896e-05, 1.98811430892e-05, 2.14903357119e-05, 4.76602908748e-05, 1.07577297968e-05, 3.8750017084e-10, 4.07377381828e-10],
        "median": [8.95437437975e-07, 8.93061442184e-05, 5.31126861461e-05, 0.000149421117385, 0.000755697663408, 0.000535958795808, 0.000562964356504, 0.000123943202198, 0.000139447132824, 9.31005706661e-05, 7.89119512774e-05, 4.5759294153e-05, 2.58192576439e-05, 5.00007154187e-05, 3.13389973599e-05, 3.66123022104e-05, 2.82243945549e-05, 1.79604467121e-05, 1.33939902298e-05, 9.73991791398e-06, 3.45287458003e-06, 1.59429316682e-06, 9.1906781563e-07, 6.75588978538e-07, 5.39676179301e-08, 8.01521765625e-11, 8.25878254673e-11],
        "min": [3.44650884022e-24, 5.48135519263e-23, 3.50341647706e-23, 7.60340822484e-24, 4.41374302903e-23, 1.90669037633e-23, 5.00733530111e-23, 6.33066682456e-23, 7.03761556883e-23, 8.2800014437e-23, 1.47863267659e-22, 1.99154890121e-22, 7.33707032389e-23, 9.93169442568e-23, 8.2723337157e-23, 1.21100158019e-22, 1.84551585396e-22, 1.72924936856e-22, 1.99087224788e-22, 3.46039806175e-22, 3.80090299262e-22, 4.42028476852e-22, 4.79317591054e-22, 8.08016669432e-22, 1.28202705675e-21, 1.9505353033e-21, 2.55621508278e-21],
        "var": [1.46738732276e-11, 4.54265034477e-07, 1.56123334705e-07, 1.83715087587e-06, 8.08807017165e-05, 0.000205203832593, 5.28007603862e-06, 1.38335758493e-06, 2.61523064182e-06, 2.40429926635e-06, 1.26747764284e-07, 2.39463275875e-07, 1.43021179611e-06, 7.32126522962e-07, 8.77737207361e-08, 3.47572566284e-08, 3.09098844298e-08, 6.5766516677e-09, 3.45082895592e-09, 6.20358875381e-09, 3.97458954637e-09, 4.38881775366e-09, 9.08869601801e-09, 5.33554356252e-08, 3.21794391134e-09, 1.29248800849e-18, 1.44176670869e-18]
    },
    "erbbands": {
        "dmean": [0.00205368641764, 0.0250555947423, 0.0622469261289, 0.406150847673, 2.47251701355, 4.85298871994, 5.19967365265, 13.8239336014, 8.09822845459, 11.5582494736, 3.39063549042, 4.56077957153, 7.52096366882, 3.44949197769, 4.91555595398, 3.8812277317, 4.74589776993, 5.08238506317, 3.58714866638, 3.04709410667, 2.43661975861, 1.71741890907, 1.05971157551, 0.973389029503, 0.839541971684, 0.906098306179, 0.450806707144, 0.390699893236, 0.33681845665, 0.210071235895, 0.309742957354, 0.381380528212, 0.342578113079, 0.126086369157, 0.00351358484477, 0.000140194766573, 1.41177342812e-05, 2.435322358e-06, 1.76999219548e-06, 3.39754001288e-06],
        "dmean2": [0.00290715624578, 0.0345809906721, 0.0944631770253, 0.669327378273, 3.85535216331, 7.50525283813, 7.46393728256, 20.7355251312, 11.2874488831, 15.3732662201, 4.56584119797, 5.57532310486, 10.2340803146, 5.11332559586, 7.45974779129, 5.8160276413, 7.15419101715, 7.20744276047, 5.38285684586, 4.92490911484, 4.06748819351, 2.90276265144, 1.74703478813, 1.63536667824, 1.37511312962, 1.4501324892, 0.736594498158, 0.607151806355, 0.515587210655, 0.307711184025, 0.451411813498, 0.548491835594, 0.45431804657, 0.172501191497, 0.00495634740219, 0.000191125203855, 1.88339636225e-05, 3.25224618791e-06, 2.49513482231e-06, 4.9642412705e-06],
        "dvar": [3.27503003064e-05, 0.00351208355278, 0.00926215387881, 0.812399327755, 43.707069397, 195.201065063, 491.443481445, 5172.59814453, 644.895324707, 527.85333252, 47.7491836548, 199.346496582, 1186.27380371, 48.0477867126, 101.589958191, 138.729125977, 2023.56958008, 666.31628418, 229.982788086, 64.3818893433, 30.6295642853, 15.1551027298, 5.95497608185, 4.21594333649, 3.60206508636, 6.06176376343, 1.71277964115, 1.84865260124, 2.33343529701, 0.818041682243, 2.63580799103, 5.02070474625, 3.02909731865, 0.509031295776, 0.000428512634244, 6.09527944562e-07, 5.21514120777e-09, 1.38110217707e-10, 2.00241438014e-11, 7.53952872357e-11],
        "dvar2": [5.08950724907e-05, 0.00490167830139, 0.0200150460005, 2.2902162075, 95.3080825806, 432.888671875, 898.124633789, 10918.2597656, 1028.99938965, 1070.89196777, 87.4650497437, 189.289764404, 1448.484375, 95.2350463867, 218.55178833, 272.32623291, 4651.04882812, 949.457824707, 526.462097168, 155.412322998, 71.4094467163, 40.2373161316, 15.0161762238, 11.7217855453, 9.07519340515, 14.351026535, 4.18820095062, 4.22214317322, 5.96420192719, 1.80255126953, 5.36124753952, 10.318116188, 4.68083381653, 0.992263376713, 0.000873937620781, 1.14218937597e-06, 9.08915698261e-09, 2.27782959161e-10, 3.91639186359e-11, 1.51299001105e-10],
        "max": [0.168996483088, 1.17915940285, 3.01843690872, 18.2685127258, 159.223602295, 311.062591553, 530.54083252, 1932.36791992, 769.526794434, 455.104766846, 120.100952148, 606.198486328, 1272.55749512, 152.241485596, 183.017089844, 277.620300293, 1528.77111816, 967.818786621, 300.595123291, 187.478439331, 127.027877808, 69.1035079956, 59.8691902161, 30.9413032532, 32.635383606, 47.9092521667, 24.1660671234, 32.4065055847, 41.4241905212, 28.600982666, 46.2665100098, 65.4776306152, 47.2739105225, 21.5491809845, 0.625898420811, 0.0234870277345, 0.00213191937655, 0.000338324316544, 0.000109025786514, 0.000218102839426],
        "mean": [0.00726972147822, 0.102605670691, 0.310732364655, 1.08669495583, 6.44712781906, 13.4194574356, 17.0123615265, 38.6424331665, 20.138841629, 26.3036899567, 8.04323768616, 10.9746541977, 14.9452924728, 6.53835725784, 9.1959438324, 6.67338705063, 7.12723731995, 8.08547782898, 5.77173566818, 5.8188085556, 5.08088636398, 3.76182723045, 2.3905673027, 2.21255064011, 1.97607171535, 2.04207229614, 1.09094047546, 0.891446590424, 0.709992349148, 0.474579721689, 0.703866541386, 0.891346514225, 0.814640700817, 0.249251678586, 0.00677173072472, 0.000303718377836, 3.53469840775e-05, 6.47272008791e-06, 7.55376595407e-06, 1.48849685502e-05],
        "median": [0.00116762716789, 0.0268439743668, 0.0973585620522, 0.420205265284, 1.32592558861, 3.10602068901, 3.78592228889, 4.84561777115, 6.25164985657, 8.48391628265, 3.06086874008, 2.9638235569, 3.98783826828, 3.06602144241, 3.60497879982, 1.99520599842, 1.61279177666, 2.63913345337, 1.44910848141, 2.03466320038, 2.12268829346, 1.52378702164, 1.03735101223, 0.760549247265, 0.648226201534, 0.424043416977, 0.231271520257, 0.0937969759107, 0.0582063496113, 0.0373780168593, 0.0247612912208, 0.0169767588377, 0.00898405816406, 0.00170739123132, 5.29135031684e-05, 7.3637497735e-06, 3.00363353745e-06, 6.65468405714e-07, 3.28121200255e-06, 7.35975027055e-06],
        "min": [9.78971385157e-22, 1.43527355414e-20, 5.01626460324e-20, 1.71764021885e-20, 1.2689251742e-19, 7.99922555677e-20, 2.45050266065e-19, 1.18456386696e-19, 6.44531378483e-19, 6.65512659624e-19, 1.91156600554e-18, 1.79543274267e-18, 1.73149168132e-18, 3.94397524037e-18, 6.10206919259e-18, 8.38282617144e-18, 4.5164888626e-18, 5.24623835234e-18, 4.93928155319e-18, 3.37749920942e-18, 8.40254615725e-18, 1.01452031225e-17, 1.05703144003e-17, 9.73777531177e-18, 9.54694639881e-18, 1.58193643396e-17, 2.01887192779e-17, 1.41302631831e-17, 1.64470587669e-17, 1.27356548683e-17, 1.45008516781e-17, 1.69488132916e-17, 1.33572099611e-17, 1.40137514851e-17, 9.53672492798e-18, 7.74707086907e-18, 3.17543263426e-18, 1.43322317374e-18, 4.61652136504e-19, 3.06734727006e-20],
        "var": [0.000297680089716, 0.0277288127691, 0.25501665473, 3.76202225685, 308.544219971, 1330.8840332, 3118.87768555, 21086.2304688, 2473.79321289, 2317.87963867, 208.474945068, 1415.2989502, 3809.19262695, 115.260749817, 250.912185669, 354.641204834, 3541.71972656, 1601.07263184, 357.915771484, 152.560028076, 85.6276931763, 41.4398460388, 15.154504776, 13.6447172165, 10.9310369492, 20.3249721527, 5.74619197845, 7.17554759979, 5.97498321533, 2.81252217293, 9.85286235809, 20.5130786896, 14.8342237473, 1.54583179951, 0.00118720461614, 2.10276766666e-06, 2.17842686112e-08, 6.53109843984e-10, 1.53077786558e-10, 5.21523602082e-10]
    },
    "gfcc": {
        "mean": [-143.884658813, 164.227081299, -156.762237549, 30.7485256195, -73.9170150757, -9.00464344025, -36.1585731506, -14.2364139557, -4.42050743103, -24.0199966431, 9.71501159668, -21.2256641388, 8.50061798096],
        "cov": [[13372.1962891, -1408.25671387, 60.1666030884, 1198.31506348, -959.526855469, 408.539123535, -628.805908203, -562.62512207, -428.563934326, -263.275512695, -294.301635742, 60.4106254578, 79.7866821289], [-1408.25671387, 1046.2800293, -196.425430298, -256.308746338, 381.193481445, -401.722320557, 301.914611816, -129.042037964, 97.723777771, -78.0380096436, -2.83621358871, -10.6361207962, -98.3286972046], [60.1666030884, -196.425430298, 675.153991699, 301.665924072, -50.0919876099, 289.3956604, -62.067691803, 29.0754451752, -40.0203323364, -30.4434051514, -27.0203609467, -13.93891716, 5.28866004944], [1198.31506348, -256.308746338, 301.665924072, 465.671905518, -33.9032554626, 266.449951172, -42.763633728, -15.1926183701, -47.0821685791, -48.4632453918, -52.5815963745, 1.87338578701, 13.8166971207], [-959.526855469, 381.193481445, -50.0919876099, -33.9032554626, 314.336608887, -81.9865112305, 166.337982178, 20.7664642334, 53.5741119385, 7.19378566742, 5.3754940033, 4.92030763626, -26.3395080566], [408.539123535, -401.722320557, 289.3956604, 266.449951172, -81.9865112305, 414.259368896, -47.8020782471, 139.77722168, -38.8990325928, 18.8973922729, 1.19021856785, -18.1862201691, 45.511100769], [-628.805908203, 301.914611816, -62.067691803, -42.763633728, 166.337982178, -47.8020782471, 207.23840332, 26.0526294708, 49.5267524719, -4.11549043655, -10.4053583145, 2.24493527412, -40.1324081421], [-562.62512207, -129.042037964, 29.0754451752, -15.1926183701, 20.7664642334, 139.77722168, 26.0526294708, 205.57635498, 45.0980873108, 75.157623291, 38.5930862427, -15.1479711533, 34.7054405212], [-428.563934326, 97.723777771, -40.0203323364, -47.0821685791, 53.5741119385, -38.8990325928, 49.5267524719, 45.0980873108, 89.0432815552, 44.00207901, 21.4948959351, 1.9589471817, -16.3978767395], [-263.275512695, -78.0380096436, -30.4434051514, -48.4632453918, 7.19378566742, 18.8973922729, -4.11549043655, 75.157623291, 44.00207901, 113.483215332, 55.8560256958, 12.5183067322, 17.1154994965], [-294.301635742, -2.83621358871, -27.0203609467, -52.5815963745, 5.3754940033, 1.19021856785, -10.4053583145, 38.5930862427, 21.4948959351, 55.8560256958, 82.9203186035, 29.0655136108, 20.1195812225], [60.4106254578, -10.6361207962, -13.93891716, 1.87338578701, 4.92030763626, -18.1862201691, 2.24493527412, -15.1479711533, 1.9589471817, 12.5183067322, 29.0655136108, 64.8171234131, 23.9491176605], [79.7866821289, -98.3286972046, 5.28866004944, 13.8166971207, -26.3395080566, 45.511100769, -40.1324081421, 34.7054405212, -16.3978767395, 17.1154994965, 20.1195812225, 23.9491176605, 74.5696792603]],
        "icov": [[0.000192906125449, -0.00020942647825, 0.000329956877977, -0.000622196879704, 0.000571514712647, -0.00011220217857, 0.000299504870782, 0.000189353289898, 0.000423733581556, -0.00044112521573, 0.000607156835031, -0.000408387510106, 0.000114510563435], [-0.00020942647825, 0.00722390972078, -0.00172881805338, 0.00191840087064, -0.00461319740862, 0.00412474758923, -0.00688334787264, 0.00371706415899, -0.00437726452947, 0.00666112825274, -0.00721907941625, 0.00666683726013, -0.002749388339], [0.000329956877977, -0.00172881805338, 0.00329728424549, -0.0019630137831, 0.00136063667014, -0.00254486850463, 0.00259544467553, -0.000110961213068, 0.00111686380114, -0.00145272281952, 0.00231599505059, -0.00215040543117, 0.00162422528956], [-0.000622196879704, 0.00191840087064, -0.0019630137831, 0.00767680536956, -0.00372304883786, -0.003365063807, -0.00110716465861, 0.00308774737641, -0.0037062112242, 0.00292658573017, -8.18260450615e-05, 0.000278462626738, -0.000936123542488], [0.000571514712647, -0.00461319740862, 0.00136063667014, -0.00372304883786, 0.0101752923802, -0.000501318485476, -0.000396992953029, -0.0024548007641, 0.00326270679943, -0.00494114868343, 0.0039528934285, -0.00351662258618, 0.000642176193651], [-0.00011220217857, 0.00412474758923, -0.00254486850463, -0.003365063807, -0.000501318485476, 0.0119191873819, -0.00529234111309, -0.00476631801575, 0.00217904360034, 0.00329793780111, -0.00602199789137, 0.005580175668, -0.00216368283145], [0.000299504870782, -0.00688334787264, 0.00259544467553, -0.00110716465861, -0.000396992953029, -0.00529234111309, 0.0177318789065, -0.00538327964023, 0.00177328730933, -0.00439837574959, 0.0101896077394, -0.0108350627124, 0.00789245311171], [0.000189353289898, 0.00371706415899, -0.000110961213068, 0.00308774737641, -0.0024548007641, -0.00476631801575, -0.00538327964023, 0.0168458484113, -0.00796525366604, -0.000814659171738, -0.00400300696492, 0.00833979528397, -0.00772399315611], [0.000423733581556, -0.00437726452947, 0.00111686380114, -0.0037062112242, 0.00326270679943, 0.00217904360034, 0.00177328730933, -0.00796525366604, 0.0243083164096, -0.0103819379583, 0.00390334078111, -0.0055058542639, 0.00730963097885], [-0.00044112521573, 0.00666112825274, -0.00145272281952, 0.00292658573017, -0.00494114868343, 0.00329793780111, -0.00439837574959, -0.000814659171738, -0.0103819379583, 0.0245892591774, -0.0150788268074, 0.00565879745409, -0.00260567083023], [0.000607156835031, -0.00721907941625, 0.00231599505059, -8.18260450615e-05, 0.0039528934285, -0.00602199789137, 0.0101896077394, -0.00400300696492, 0.00390334078111, -0.0150788268074, 0.0320565477014, -0.0173432379961, 0.00334076909348], [-0.000408387510106, 0.00666683726013, -0.00215040543117, 0.000278462626738, -0.00351662258618, 0.005580175668, -0.0108350627124, 0.00833979528397, -0.0055058542639, 0.00565879745409, -0.0173432379961, 0.0323340669274, -0.0132464030758], [0.000114510563435, -0.002749388339, 0.00162422528956, -0.000936123542488, 0.000642176193651, -0.00216368283145, 0.00789245311171, -0.00772399315611, 0.00730963097885, -0.00260567083023, 0.00334076909348, -0.0132464030758, 0.0246687717736]]
    },
    "melbands": {
        "dmean": [2.34596736846e-05, 3.1988369301e-05, 0.000125729085994, 0.000266823335551, 0.000189604703337, 0.000291976204608, 0.000128007464809, 0.00011609136709, 2.61363220488e-05, 2.98690320051e-05, 3.72716203856e-05, 1.39299872899e-05, 1.80118877324e-05, 1.14531449071e-05, 1.11960544018e-05, 8.190508197e-06, 1.05381150206e-05, 6.45182490189e-06, 4.37914877693e-06, 3.87501495425e-06, 3.43986539519e-06, 2.11705219044e-06, 1.65739652402e-06, 1.18807838589e-06, 8.12285634311e-07, 6.08993673268e-07, 6.56438601254e-07, 5.99375596266e-07, 3.49811074329e-07, 2.71499175142e-07, 2.47456796387e-07, 2.196682658e-07, 1.63057194413e-07, 1.09184568942e-07, 1.64184100981e-07, 2.55932008031e-07, 2.61787675981e-07, 2.4519647468e-07, 2.51779511018e-07, 5.91311781761e-08],
        "dmean2": [3.2517418731e-05, 4.64291442768e-05, 0.000203956238693, 0.000417696486693, 0.000279898871668, 0.000432273023762, 0.000174600354512, 0.000156474896357, 3.34162868967e-05, 3.7223304389e-05, 5.0943588576e-05, 2.0810706701e-05, 2.81061456917e-05, 1.68443748407e-05, 1.69237664522e-05, 1.27950152091e-05, 1.44060750245e-05, 9.56585154199e-06, 7.10767744749e-06, 6.22602692602e-06, 5.92408741795e-06, 3.65157757187e-06, 2.74888634522e-06, 1.96161863641e-06, 1.38115819937e-06, 1.01910518424e-06, 1.08365111373e-06, 9.70765881902e-07, 5.85835607581e-07, 4.11202449868e-07, 3.92886732925e-07, 3.46897792269e-07, 2.47269838383e-07, 1.63311739243e-07, 2.41919366317e-07, 3.94454104935e-07, 4.02752590389e-07, 3.20451505331e-07, 3.36567836712e-07, 9.00144314642e-08],
        "dvar": [4.03171673824e-09, 2.74491429586e-09, 9.5811330425e-08, 4.94488745062e-07, 5.20423384387e-07, 2.17594561036e-06, 1.37382841103e-07, 5.67920999117e-08, 3.44018058485e-09, 7.22938420239e-09, 3.01579454742e-08, 8.12355738233e-10, 1.56012691654e-09, 1.36967792663e-09, 6.15124795544e-09, 4.32243130177e-09, 3.59095841951e-09, 9.6421726159e-10, 4.60352533871e-10, 8.54241399839e-11, 6.52290027547e-11, 3.18275961142e-11, 1.58672623651e-11, 8.07138297171e-12, 3.1488958576e-12, 1.89566244646e-12, 2.13183247097e-12, 2.7671430685e-12, 9.24631790404e-13, 9.91588105029e-13, 8.28094157915e-13, 1.00902695487e-12, 4.23942565081e-13, 2.42203609599e-13, 6.21810708392e-13, 2.23708703471e-12, 2.3637515556e-12, 1.50355552661e-12, 1.57566158471e-12, 1.52625985851e-13],
        "dvar2": [5.64537527836e-09, 4.8141068909e-09, 2.41364546127e-07, 1.12202121727e-06, 9.28825272695e-07, 4.5308506742e-06, 2.22314170628e-07, 1.20724692465e-07, 4.37084635152e-09, 7.75683695053e-09, 3.71670765276e-08, 1.7240845418e-09, 3.45475359431e-09, 2.22572360542e-09, 1.33218271969e-08, 1.02097494903e-08, 5.12185049928e-09, 2.1225150526e-09, 1.11024112126e-09, 1.89059920497e-10, 1.67323335742e-10, 8.80965439487e-11, 4.19537599106e-11, 2.15047528396e-11, 8.80528289171e-12, 4.77961593914e-12, 5.34780249598e-12, 6.47050078448e-12, 2.48053227264e-12, 2.4193676576e-12, 1.99867010962e-12, 2.65291608126e-12, 1.02215751054e-12, 5.27887521022e-13, 1.30049606067e-12, 4.81366335681e-12, 5.33314061316e-12, 2.11592549038e-12, 2.93546914207e-12, 3.51640998221e-13],
        "max": [0.00159735337365, 0.00128757301718, 0.0083810146898, 0.0163890197873, 0.0152538660914, 0.0395454838872, 0.0111770974472, 0.00464869244024, 0.00188912334852, 0.00327745685354, 0.00638441322371, 0.000578742939979, 0.000824085902423, 0.00148909410927, 0.00254353554919, 0.00228588818572, 0.00222704419866, 0.00074385618791, 0.000701532000676, 0.000219344947254, 0.00015918018471, 0.000114892289275, 7.73003848735e-05, 4.14220121456e-05, 2.80533440673e-05, 2.08615419979e-05, 2.71270764642e-05, 3.51093076461e-05, 1.40534566526e-05, 2.62921530521e-05, 2.1754503905e-05, 2.42110490944e-05, 1.98509824259e-05, 1.31478318508e-05, 2.29998368013e-05, 3.71990718122e-05, 4.35247748101e-05, 3.60988597095e-05, 3.11530129693e-05, 1.15909388114e-05],
        "mean": [8.89604853e-05, 0.000151582906255, 0.000328148860717, 0.000739745446481, 0.000631406204775, 0.000831492070574, 0.000308733782731, 0.000253644539043, 5.90843228565e-05, 7.07360595698e-05, 7.31855179765e-05, 2.41228080995e-05, 3.12175397994e-05, 1.98610232474e-05, 1.71415140358e-05, 1.19504056784e-05, 1.59952032845e-05, 9.62422200246e-06, 7.22548111298e-06, 7.20003345123e-06, 6.2122876443e-06, 4.23015444539e-06, 2.83887402475e-06, 2.25177086577e-06, 1.71007729932e-06, 1.34909566896e-06, 1.39612325256e-06, 1.29084810396e-06, 7.03933380919e-07, 5.55482927211e-07, 5.00292912875e-07, 4.17826896637e-07, 3.45224634657e-07, 2.1405635664e-07, 3.51783597807e-07, 5.43154499155e-07, 5.44105432709e-07, 5.63044523005e-07, 5.39492191365e-07, 9.00746286447e-08],
        "median": [1.73224980244e-05, 4.56193520222e-05, 9.32606853894e-05, 0.000173736756551, 0.000136605682201, 0.000111474786536, 0.000109599917778, 7.22074109945e-05, 1.89023376151e-05, 1.86309771379e-05, 1.89011407201e-05, 1.01958876257e-05, 1.20331469589e-05, 5.73497345613e-06, 4.13260613641e-06, 3.51969720214e-06, 4.91118362334e-06, 2.05521996577e-06, 2.3186139515e-06, 2.28984026762e-06, 2.45738283411e-06, 1.46985837546e-06, 1.07103869595e-06, 7.86971952493e-07, 5.66059839002e-07, 4.57415580968e-07, 3.89890885799e-07, 2.40633767135e-07, 1.7068900604e-07, 7.06665517214e-08, 4.6917040919e-08, 3.43371411304e-08, 2.44790623327e-08, 1.84937594128e-08, 1.39345166517e-08, 1.22003900316e-08, 9.43635125594e-09, 6.43546815837e-09, 4.20075751961e-09, 3.68184510657e-10],
        "min": [1.17287326629e-23, 2.40859129436e-23, 6.75604697261e-24, 8.01603059879e-24, 7.12260618058e-24, 2.75661053556e-24, 1.00833281645e-23, 6.67026939322e-24, 1.74159030856e-23, 1.0134294101e-23, 7.94751802917e-24, 1.42956221507e-23, 2.27400373532e-23, 1.66580381031e-23, 2.2183136264e-23, 5.74902342861e-24, 1.04518784574e-23, 7.82896091258e-24, 5.02704885625e-24, 4.82842551323e-24, 1.15031144997e-23, 9.91789772177e-24, 1.11784856154e-23, 8.49673166885e-24, 7.75377773515e-24, 6.95560669353e-24, 7.73274118139e-24, 1.0836338497e-23, 1.34323590404e-23, 8.92655909914e-24, 7.66436192927e-24, 1.05439053929e-23, 6.671002245e-24, 7.57383225178e-24, 9.81397003067e-24, 6.10545957901e-24, 1.26193242816e-23, 9.29029181849e-24, 9.95602810248e-24, 1.20452930778e-23],
        "var": [3.14533643575e-08, 5.1732602202e-08, 5.99693521508e-07, 3.22184973811e-06, 3.76391358259e-06, 9.31495742407e-06, 5.03551973452e-07, 2.25404875209e-07, 1.86434085947e-08, 4.93830825121e-08, 9.5894527874e-08, 1.68516989252e-09, 3.03355740527e-09, 4.39026015542e-09, 1.23582166722e-08, 6.5333423116e-09, 8.41272029817e-09, 1.44564160642e-09, 5.85912096618e-10, 2.60507365679e-10, 1.37819936019e-10, 7.32587393526e-11, 3.09121686581e-11, 1.87401951596e-11, 9.11985764684e-12, 5.06142783935e-12, 6.66306463129e-12, 8.93126197998e-12, 2.31337822162e-12, 2.81605988528e-12, 2.45801773033e-12, 2.23555462336e-12, 1.34252244738e-12, 6.64391664514e-13, 2.28768826799e-12, 7.32471895637e-12, 8.19293938248e-12, 7.45322466938e-12, 6.33533893749e-12, 2.79345882363e-13]
    },
    "mfcc": {
        "mean": [-755.05456543, 159.246765137, -10.9845695496, 17.5771884918, -5.82614040375, -9.84218215942, -11.2492980957, -6.10351467133, -9.90366649628, -2.31785702705, -10.9284706116, -0.703552603722, -1.70964419842],
        "cov": [[9501.36816406, -377.214477539, -127.606147766, 367.29208374, 88.0676956177, 218.807723999, -125.541091919, -137.009552002, -279.029998779, -118.745414734, -421.118286133, -192.027862549, -315.684570312], [-377.214477539, 1394.06408691, -536.948974609, 250.784454346, -63.4030380249, -95.9021987915, -9.72371292114, -30.3785171509, -72.4323425293, -82.8255615234, -41.9316291809, -62.0292930603, 9.42747211456], [-127.606147766, -536.948974609, 770.421875, -26.3172245026, 131.148406982, 165.841674805, 60.0667152405, 87.5468902588, 56.5274772644, 29.7686653137, 2.00818729401, 34.8370552063, -35.8275375366], [367.29208374, 250.784454346, -26.3172245026, 253.521499634, 76.5630264282, 76.9189987183, 30.7296447754, 35.9307937622, -6.94578552246, -11.7716846466, -39.6744003296, -24.1596069336, -13.7695980072], [88.0676956177, -63.4030380249, 131.148406982, 76.5630264282, 161.758850098, 83.2171859741, 52.4807701111, 36.0542182922, 27.4832420349, 12.3143949509, -5.94477939606, -0.124458856881, -3.52783131599], [218.807723999, -95.9021987915, 165.841674805, 76.9189987183, 83.2171859741, 166.436553955, 74.0520172119, 73.7803649902, 29.0841598511, 20.7119960785, -6.58597278595, 5.90790748596, -9.8432226181], [-125.541091919, -9.72371292114, 60.0667152405, 30.7296447754, 52.4807701111, 74.0520172119, 123.770179749, 70.2133026123, 51.0106811523, 20.5384845734, 12.8630409241, 8.81153488159, 9.70665168762], [-137.009552002, -30.3785171509, 87.5468902588, 35.9307937622, 36.0542182922, 73.7803649902, 70.2133026123, 123.385688782, 59.4259605408, 31.2380237579, 6.04510354996, 5.73062324524, 7.4542131424], [-279.029998779, -72.4323425293, 56.5274772644, -6.94578552246, 27.4832420349, 29.0841598511, 51.0106811523, 59.4259605408, 112.207687378, 54.7332229614, 34.5355682373, 17.5277366638, 17.6895294189], [-118.745414734, -82.8255615234, 29.7686653137, -11.7716846466, 12.3143949509, 20.7119960785, 20.5384845734, 31.2380237579, 54.7332229614, 87.6435165405, 45.7721366882, 24.885602951, 10.4652719498], [-421.118286133, -41.9316291809, 2.00818729401, -39.6744003296, -5.94477939606, -6.58597278595, 12.8630409241, 6.04510354996, 34.5355682373, 45.7721366882, 102.486801147, 43.9274024963, 31.1579246521], [-192.027862549, -62.0292930603, 34.8370552063, -24.1596069336, -0.124458856881, 5.90790748596, 8.81153488159, 5.73062324524, 17.5277366638, 24.885602951, 43.9274024963, 74.6532821655, 35.0613021851], [-315.684570312, 9.42747211456, -35.8275375366, -13.7695980072, -3.52783131599, -9.8432226181, 9.70665168762, 7.4542131424, 17.6895294189, 10.4652719498, 31.1579246521, 35.0613021851, 78.2211990356]],
