{
"lowlevel": {
    "average_loudness": 0.906314849854,
    "barkbands_crest": {
        "dmean": 3.02186989784,
        "dmean2": 4.75539398193,
        "dvar": 7.58853149414,
        "dvar2": 17.3945579529,
        "max": 24.8208827972,
        "mean": 10.5378017426,
        "median": 9.71865272522,
        "min": 2.15426707268,
        "var": 21.2838439941
    },
    "barkbands_flatness_db": {
        "dmean": 0.0251695849001,
        "dmean2": 0.0392861738801,
        "dvar": 0.000507217540871,
        "dvar2": 0.0011527731549,
        "max": 0.342863708735,
        "mean": 0.171158850193,
        "median": 0.167032927275,
        "min": 0.02805374749,
        "var": 0.00204193918034
    },
    "barkbands_kurtosis": {
        "dmean": 3.0062456131,
        "dmean2": 4.65881299973,
        "dvar": 35.4133605957,
        "dvar2": 83.2271194458,
        "max": 87.0326080322,
        "mean": 3.9316265583,
        "median": 1.20636701584,
        "min": -1.91782557964,
        "var": 64.1104202271
    },
    "barkbands_skewness": {
        "dmean": 0.582156836987,
        "dmean2": 0.87191426754,
        "dvar": 0.380782306194,
        "dvar2": 0.835485935211,
        "max": 7.99439191818,
        "mean": 1.45335590839,
        "median": 1.17604923248,
        "min": -1.76125621796,
        "var": 1.62559330463
    },
    "barkbands_spread": {
        "dmean": 6.32901000977,
        "dmean2": 9.24938201904,
        "dvar": 58.1741638184,
        "dvar2": 118.053894043,
        "max": 93.9145507812,
        "mean": 23.6364994049,
        "median": 21.1767749786,
        "min": 1.85974299908,
        "var": 183.906051636
    },
    "dissonance": {
        "dmean": 0.0192796327174,
        "dmean2": 0.0315895453095,
        "dvar": 0.000480424030684,
        "dvar2": 0.00106474000495,
        "max": 0.499882698059,
        "mean": 0.464828491211,
        "median": 0.472527980804,
        "min": 0.0592163354158,
        "var": 0.000857772887684
    },
    "dynamic_complexity": 5.3459239006,
    "erbbands_crest": {
        "dmean": 2.63488674164,
        "dmean2": 4.0775847435,
        "dvar": 7.1586689949,
        "dvar2": 15.4740047455,
        "max": 30.1347351074,
        "mean": 8.89347457886,
        "median": 7.44990968704,
        "min": 2.06225538254,
        "var": 24.5943470001
    },
    "erbbands_flatness_db": {
        "dmean": 0.0164195206016,
        "dmean2": 0.0225809086114,
        "dvar": 0.00026424851967,
        "dvar2": 0.000446280319011,
        "max": 0.308563917875,
        "mean": 0.180914372206,
        "median": 0.176507174969,
        "min": 0.0959827229381,
        "var": 0.00172270310577
    },
    "erbbands_kurtosis": {
        "dmean": 0.915905356407,
        "dmean2": 1.33956217766,
        "dvar": 2.1598341465,
        "dvar2": 3.87703132629,
        "max": 25.4765205383,
        "mean": 0.640836119652,
        "median": -0.271413326263,
        "min": -1.8629668951,
        "var": 7.67406797409
    },
    "erbbands_skewness": {
        "dmean": 0.357626050711,
        "dmean2": 0.528275966644,
        "dvar": 0.126178190112,
        "dvar2": 0.24444039166,
        "max": 4.8169875145,
        "mean": 0.344658970833,
        "median": 0.216022714972,
        "min": -2.20100188255,
        "var": 0.573853313923
    },
    "erbbands_spread": {
        "dmean": 8.57261943817,
        "dmean2": 12.5346422195,
        "dvar": 102.426582336,
        "dvar2": 207.070037842,
        "max": 159.088562012,
        "mean": 40.8058204651,
        "median": 38.1331138611,
        "min": 4.34969234467,
        "var": 493.602233887
    },
    "hfc": {
        "dmean": 6.98358774185,
        "dmean2": 9.55080699921,
        "dvar": 127.931724548,
        "dvar2": 247.12487793,
        "max": 120.205863953,
        "mean": 19.9704761505,
        "median": 12.1557817459,
        "min": 1.17074127878e-16,
        "var": 412.607543945
    },
    "melbands_crest": {
        "dmean": 3.67756485939,
        "dmean2": 5.90258312225,
        "dvar": 10.8683757782,
        "dvar2": 24.5773696899,
        "max": 35.5791435242,
        "mean": 14.540605545,
        "median": 13.4889392853,
        "min": 2.07531023026,
        "var": 32.0540351868
    },
    "melbands_flatness_db": {
        "dmean": 0.0294974297285,
        "dmean2": 0.0426801331341,
        "dvar": 0.000793865590822,
        "dvar2": 0.00161402137019,
        "max": 0.420573294163,
        "mean": 0.186937078834,
        "median": 0.1840133816,
        "min": 0.00509647000581,
        "var": 0.00425490317866
    },
    "melbands_kurtosis": {
        "dmean": 8.87147426605,
        "dmean2": 13.837264061,
        "dvar": 360.758117676,
        "dvar2": 793.437011719,
        "max": 388.845306396,
        "mean": 15.1944932938,
        "median": 6.24764156342,
        "min": -1.48661100864,
        "var": 779.443847656
    },
    "melbands_skewness": {
        "dmean": 0.855310738087,
        "dmean2": 1.26396346092,
        "dvar": 0.969194114208,
        "dvar2": 2.04869699478,
        "max": 17.526714325,
        "mean": 2.64946699142,
        "median": 2.19376015663,
        "min": -0.885281980038,
        "var": 4.41896295547
    },
    "melbands_spread": {
        "dmean": 7.73388671875,
        "dmean2": 11.5229473114,
        "dvar": 92.8722457886,
        "dvar2": 188.977157593,
        "max": 187.495697021,
        "mean": 25.2864170074,
        "median": 22.9764976501,
        "min": 1.37907886505,
        "var": 293.16619873
    },
    "pitch_salience": {
        "dmean": 0.0803016573191,
        "dmean2": 0.124722592533,
        "dvar": 0.00534384837374,
        "dvar2": 0.0119047928602,
        "max": 0.961583614349,
        "mean": 0.537565290928,
        "median": 0.546310603619,
        "min": 0.132189676166,
        "var": 0.0162756126374
    },
    "silence_rate_20dB": {
        "dmean": 0,
        "dmean2": 0,
        "dvar": 0,
        "dvar2": 0,
        "max": 1,
        "mean": 1,
        "median": 1,
        "min": 1,
        "var": 0
    },
    "silence_rate_30dB": {
        "dmean": 0.00309119001031,
        "dmean2": 0.00618716143072,
        "dvar": 0.00308161997236,
        "dvar2": 0.00769556825981,
        "max": 1,
        "mean": 0.997683405876,
        "median": 1,
        "min": 0,
        "var": 0.00231132586487
    },
    "silence_rate_60dB": {
        "dmean": 0.0293663050979,
        "dmean2": 0.0587780363858,
        "dvar": 0.0285037010908,
        "dvar2": 0.0646049752831,
        "max": 1,
        "mean": 0.164478763938,
        "median": 0,
        "min": 0,
        "var": 0.137425735593
    },
    "spectral_centroid": {
        "dmean": 259.886108398,
        "dmean2": 379.433288574,
        "dvar": 116209.015625,
        "dvar2": 180859.453125,
        "max": 10878.171875,
        "mean": 1422.76794434,
        "median": 1383.05505371,
        "min": 291.443603516,
        "var": 362652.53125
    },
    "spectral_complexity": {
        "dmean": 4.14837694168,
        "dmean2": 5.97215795517,
        "dvar": 29.5206661224,
        "dvar2": 46.4105873108,
        "max": 59,
        "mean": 17.7405414581,
        "median": 17,
        "min": 0,
        "var": 141.464828491
    },
    "spectral_decrease": {
        "dmean": 2.36057373648e-09,
        "dmean2": 3.42322725722e-09,
        "dvar": 1.1014376386e-17,
        "dvar2": 2.29081466792e-17,
        "max": -9.21404231542e-30,
        "mean": -6.18306383871e-09,
        "median": -4.11180600679e-09,
        "min": -3.52656179814e-08,
        "var": 3.58230118816e-17
    },
    "spectral_energy": {
        "dmean": 0.00941301137209,
        "dmean2": 0.0135770076886,
        "dvar": 0.000172093001311,
        "dvar2": 0.000353977258783,
        "max": 0.138522878289,
        "mean": 0.0251477062702,
        "median": 0.0167401973158,
        "min": 1.06537421696e-20,
        "var": 0.000576225051191
    },
    "spectral_energyband_high": {
        "dmean": 0.000366067339201,
        "dmean2": 0.000498611654621,
        "dvar": 5.16089301072e-07,
        "dvar2": 9.69451320998e-07,
        "max": 0.00947911012918,
        "mean": 0.000752964289859,
        "median": 0.000355955038685,
        "min": 7.70389897519e-21,
        "var": 1.20255162983e-06
    },
    "spectral_energyband_low": {
        "dmean": 0.00517643010244,
        "dmean2": 0.00823670625687,
        "dvar": 0.00011118700786,
        "dvar2": 0.00026782634086,
        "max": 0.117057077587,
        "mean": 0.0093784853816,
        "median": 0.00449596345425,
        "min": 4.00692714466e-23,
        "var": 0.000213242179598
    },
    "spectral_energyband_middle_high": {
        "dmean": 0.00252888724208,
        "dmean2": 0.00360674015246,
        "dvar": 2.3117989258e-05,
        "dvar2": 4.50232982985e-05,
        "max": 0.0563661828637,
        "mean": 0.0068021742627,
        "median": 0.00271633360535,
        "min": 1.78938250618e-21,
        "var": 9.44977655308e-05
    },
    "spectral_energyband_middle_low": {
        "dmean": 0.00435224361718,
        "dmean2": 0.00640692329034,
        "dvar": 4.9489295634e-05,
        "dvar2": 9.65660583461e-05,
        "max": 0.068142592907,
        "mean": 0.00896021537483,
        "median": 0.00477143935859,
        "min": 2.10382463395e-22,
        "var": 0.000119382348203
    },
    "spectral_entropy": {
        "dmean": 0.16104799509,
        "dmean2": 0.217430382967,
        "dvar": 0.0313416309655,
        "dvar2": 0.0535266473889,
        "max": 9.79756546021,
        "mean": 7.6433172226,
        "median": 7.66997051239,
        "min": 5.81422662735,
        "var": 0.167073920369
    },
    "spectral_flux": {
        "dmean": 0.027871305123,
        "dmean2": 0.0434044674039,
        "dvar": 0.00093467294937,
        "dvar2": 0.00209040450864,
        "max": 0.288428843021,
        "mean": 0.0799245536327,
        "median": 0.0674909800291,
        "min": 1.03216969694e-10,
        "var": 0.00294858892448
    },
    "spectral_kurtosis": {
        "dmean": 1.61169242859,
        "dmean2": 2.72574400902,
        "dvar": 4.76740932465,
        "dvar2": 13.455078125,
        "max": 31.3894767761,
        "mean": 2.762996912,
        "median": 2.10964202881,
        "min": -1.23771297932,
        "var": 8.95810222626
    },
    "spectral_rms": {
        "dmean": 0.00083907879889,
        "dmean2": 0.00116642855573,
        "dvar": 9.2790025974e-07,
        "dvar2": 1.70151645307e-06,
        "max": 0.0116251567379,
        "mean": 0.00432097166777,
        "median": 0.00404127454385,
        "min": 3.22395647505e-12,
        "var": 5.86353462495e-06
    },
    "spectral_rolloff": {
        "dmean": 566.936889648,
        "dmean2": 882.979187012,
        "dvar": 1062296,
        "dvar2": 2054106.375,
        "max": 18906.1523438,
        "mean": 1492.39245605,
        "median": 1162.79296875,
        "min": 64.599609375,
        "var": 2165468.5
    },
    "spectral_skewness": {
        "dmean": 0.225868284702,
        "dmean2": 0.355538845062,
        "dvar": 0.0525698140264,
        "dvar2": 0.128255873919,
        "max": 3.99909186363,
        "mean": 1.19398474693,
        "median": 1.1470310688,
        "min": -0.0748474448919,
        "var": 0.192087650299
    },
    "spectral_spread": {
        "dmean": 476998.78125,
        "dmean2": 648795.9375,
        "dvar": 1.3189349376e+12,
        "dvar2": 1.1791826944e+12,
        "max": 42044580,
        "mean": 4244447,
        "median": 4031838.25,
        "min": 1523610,
        "var": 2.97881829376e+12
    },
    "spectral_strongpeak": {
        "dmean": 0.62491863966,
        "dmean2": 1.01088178158,
        "dvar": 1.21658456326,
        "dvar2": 2.7216758728,
        "max": 8.63150215149,
        "mean": 1.12619173527,
        "median": 0.376388788223,
        "min": 0,
        "var": 2.78621721268
    },
    "zerocrossingrate": {
        "dmean": 0.0116300741211,
        "dmean2": 0.0121224410832,
        "dvar": 0.000382225814974,
        "dvar2": 0.000372245442122,
        "max": 0.49365234375,
        "mean": 0.0596528872848,
        "median": 0.052734375,
        "min": 0.00390625,
        "var": 0.00129199400544
    },
    "barkbands": {
        "dmean": [0.000165863748407, 0.00382600282319, 0.00209485273808, 0.000697384413797, 0.00112777168397, 0.00129921943881, 0.000397172145313, 0.000341627659509, 0.00193536153529, 0.000813147576991, 0.000621200888418, 0.000771383405663, 0.000388863874832, 0.000494173145853, 0.000306206115056, 0.000289602292469, 0.000205017480766, 0.0001867065439, 0.000126824699691, 0.000122161276522, 8.47604242153e-05, 6.91513268976e-05, 8.47982082632e-05, 0.00010822530021, 2.25144212891e-05, 9.50504674968e-10, 9.89100579218e-10],
        "dmean2": [0.000254180165939, 0.0057499804534, 0.00344744417816, 0.00115634093527, 0.00184933294076, 0.00195182301104, 0.000656795629766, 0.00053950631991, 0.0029361974448, 0.00128003070131, 0.000923359300941, 0.00114124966785, 0.000601788342465, 0.000793863728177, 0.000467653531814, 0.000451872299891, 0.00032767423545, 0.000288622715743, 0.000197115950868, 0.000188204809092, 0.000122947676573, 0.00010079585627, 0.000117441581097, 0.000151231943164, 3.39933212672e-05, 1.75778458456e-09, 1.83379766927e-09],
        "dvar": [1.11166649219e-07, 6.73947579344e-05, 3.35800068569e-05, 1.61769401075e-06, 6.16639954387e-06, 1.09187303678e-05, 1.2839767578e-06, 6.76282411405e-07, 2.43636113737e-05, 6.4160490183e-06, 4.80173275719e-06, 4.25810958404e-06, 1.18356445e-06, 2.23050210479e-06, 5.63567311929e-07, 5.19995523973e-07, 1.24112659705e-07, 1.14966610454e-07, 5.17155598345e-08, 4.76002988137e-08, 3.22651203533e-08, 2.29978098787e-08, 3.26517550775e-08, 8.62345075348e-08, 3.52217877087e-09, 2.37687412526e-18, 2.5723970814e-18],
        "dvar2": [2.42694767394e-07, 0.000145039899508, 8.79199069459e-05, 4.03701915275e-06, 1.37236784212e-05, 2.09166446439e-05, 3.23639415001e-06, 1.64277776094e-06, 5.04165109305e-05, 1.44386967804e-05, 8.48419313115e-06, 8.35780792841e-06, 2.71510975836e-06, 5.76773527428e-06, 1.14654028494e-06, 1.23043014355e-06, 3.01660833202e-07, 2.77005966609e-07, 1.15749479335e-07, 1.16706345921e-07, 6.38368078398e-08, 4.61519533701e-08, 6.16973494516e-08, 1.8481647146e-07, 7.88023779563e-09, 7.40975736862e-18, 7.98011080868e-18],
        "max": [0.00380199588835, 0.113939680159, 0.0682786479592, 0.0125865656883, 0.0414700731635, 0.0439754873514, 0.0253601949662, 0.0120806396008, 0.0607878528535, 0.0434724539518, 0.046986874193, 0.0318907015026, 0.0176662933081, 0.0222747121006, 0.0134626021609, 0.0134593565017, 0.00459950743243, 0.00511292507872, 0.00259546004236, 0.00228327512741, 0.00231809029356, 0.00187667598948, 0.00247122184373, 0.00503155216575, 0.000852700904943, 1.36141560247e-08, 1.36861704192e-08],
        "mean": [0.0002371979499, 0.0059821959585, 0.00255546416156, 0.000945139385294, 0.00152571045328, 0.00209097820334, 0.000527066586073, 0.000446548161563, 0.00314403627999, 0.00133928959258, 0.000952316622715, 0.00147187814582, 0.000574608624447, 0.000644333136734, 0.000497136788908, 0.000463881267933, 0.000335836288286, 0.00031712843338, 0.000241924339207, 0.000228263059398, 0.000150807667524, 0.000115589973575, 0.000136502218083, 0.000188418882317, 3.5452114389e-05, 7.80503495168e-10, 8.08377920158e-10],
        "median": [5.4577474657e-05, 0.0018670320278, 0.000978196971118, 0.00040449394146, 0.000617207493633, 0.000630100781564, 0.000250711425906, 0.000153895598487, 0.000415949616581, 0.000279461528407, 0.000110625514935, 0.000205226213438, 0.000129866370116, 0.000130132146296, 0.000147676284541, 0.000141637021443, 0.000145818732562, 0.000168270329596, 0.000135950947879, 0.000126067738165, 7.25616846466e-05, 4.32242195529e-05, 4.29017236456e-05, 5.84353510931e-05, 9.30479382077e-06, 2.06108699552e-10, 2.06813954851e-10],
        "min": [1.91122096228e-23, 1.81601728393e-23, 7.58112605971e-24, 9.99269830166e-24, 4.75518979671e-23, 3.17979575703e-23, 3.94060066638e-23, 3.95310505836e-23, 4.11000034163e-23, 2.42928611358e-23, 1.00475490626e-22, 6.65405309514e-23, 1.00760780594e-22, 1.06276464489e-22, 2.19155429698e-22, 1.78559940696e-22, 2.29626403322e-22, 2.03957172389e-22, 2.65128652911e-22, 4.38326409422e-22, 4.60361149906e-22, 5.30509791798e-22, 5.48566249939e-22, 1.01517527919e-21, 1.21124949708e-21, 1.57552683337e-21, 2.29802709317e-21],
        "var": [2.02508360303e-07, 0.000129886640934, 2.8845606721e-05, 2.4156975087e-06, 9.47018543229e-06, 2.12498489418e-05, 1.2880674376e-06, 8.89411239768e-07, 6.0816113546e-05, 1.42893477459e-05, 1.06720781332e-05, 1.32740806293e-05, 2.11693009078e-06, 2.85128658106e-06, 1.4073281136e-06, 9.72971179181e-07, 2.42043512344e-07, 2.18332132818e-07, 9.76118670337e-08, 8.23827619456e-08, 5.76675418529e-08, 4.23740758038e-08, 6.34846699654e-08, 1.63484671134e-07, 7.55276907682e-09, 2.00492760654e-18, 2.18197238176e-18]
    },
    "erbbands": {
        "dmean": [0.122513890266, 0.88085269928, 2.1848180294, 2.46667647362, 2.8240377903, 3.70904445648, 7.62702465057, 12.3119678497, 7.23931598663, 4.40563106537, 10.6736335754, 36.1055717468, 39.2164344788, 21.6812152863, 26.1076698303, 27.7556152344, 18.6273365021, 21.62591362, 17.4955024719, 12.6912374496, 17.0181598663, 11.4042444229, 9.53401470184, 8.09735202789, 5.80588531494, 5.90863227844, 3.80051231384, 3.2142727375, 2.55329608917, 2.46143937111, 2.40312719345, 2.37239718437, 1.74037587643, 0.462102919817, 0.0127016920596, 0.000549491902348, 5.91776806687e-05, 1.11937870315e-05, 6.5167023422e-06, 1.12450170491e-05],
        "dmean2": [0.184021368623, 1.34047162533, 3.58759379387, 4.02443313599, 4.87466526031, 6.12415504456, 12.4932765961, 18.1983337402, 11.377038002, 7.18345689774, 16.8971424103, 55.4971008301, 60.401386261, 32.5251579285, 37.4313430786, 41.1210136414, 27.6212863922, 34.4267616272, 27.201593399, 19.2890872955, 26.5370750427, 17.8831520081, 14.6613664627, 12.3878240585, 8.94457149506, 9.10623073578, 5.61195087433, 4.72390604019, 3.68469262123, 3.45295834541, 3.39201045036, 3.47187805176, 2.46778726578, 0.660601496696, 0.0181645993143, 0.000762253126595, 8.09725825093e-05, 1.52668526425e-05, 9.2751261036e-06, 1.60550025612e-05],
        "dvar": [0.0797154456377, 3.61781835556, 34.8347358704, 27.7344722748, 35.4790306091, 84.7223815918, 350.671264648, 1087.35290527, 496.629547119, 158.43359375, 740.528137207, 8959.56054688, 10738.9746094, 3069.82055664, 6610.47314453, 5820.90429688, 2719.40405273, 5146.78320312, 2944.72094727, 963.072570801, 2200.04663086, 403.13458252, 286.994018555, 211.30078125, 111.37147522, 110.616737366, 55.4520492554, 50.7714805603, 31.3987808228, 26.5595569611, 27.3334980011, 49.4603729248, 21.8151111603, 1.44593799114, 0.00112483114935, 1.98023690245e-06, 2.09455581768e-08, 6.66166233287e-10, 9.16543091423e-11, 2.36830277611e-10],
        "dvar2": [0.168642297387, 7.93547964096, 88.221206665, 73.9285049438, 96.4173736572, 186.465591431, 860.186889648, 1996.07458496, 1081.5892334, 395.35949707, 1791.73486328, 20395.703125, 21302.2636719, 6442.90771484, 10587.1464844, 11994.8222656, 6177.53173828, 13638.5820312, 6899.35791016, 1712.08837891, 5178.18261719, 944.145812988, 675.498962402, 476.691162109, 247.925857544, 266.38092041, 115.760536194, 103.892234802, 62.2507553101, 49.6482162476, 53.5895500183, 120.926506042, 42.2415122986, 2.84691286087, 0.00219692080282, 3.76833645532e-06, 3.93563901468e-08, 1.25070598322e-09, 1.75161662952e-10, 4.79712325419e-10],
        "max": [3.14689731598, 27.1765842438, 72.4627380371, 62.6067466736, 57.3777389526, 173.072067261, 262.949615479, 435.481811523, 485.455993652, 269.595947266, 445.567871094, 1085.54943848, 1222.81860352, 796.87487793, 2171.06005859, 1527.8704834, 905.552062988, 1316.16162109, 996.916320801, 787.557861328, 909.03338623, 333.425628662, 238.724121094, 148.989715576, 118.091789246, 109.296417236, 88.8456726074, 82.6345977783, 66.4918136597, 71.6376113892, 78.8864364624, 114.895561218, 80.2405929565, 18.8931217194, 0.566213488579, 0.0218165032566, 0.00214228732511, 0.000387779116863, 0.000113220216008, 0.000158984345035],
        "mean": [0.170323640108, 1.33219945431, 2.98266601562, 3.40765953064, 3.32563686371, 4.84893512726, 11.5102291107, 18.8701820374, 10.3153362274, 6.40401029587, 17.0424880981, 53.8397026062, 69.7097396851, 40.3520889282, 42.4339179993, 56.3743057251, 31.6007652283, 28.312122345, 32.3509254456, 21.122844696, 28.2721862793, 19.5936260223, 17.4470462799, 14.7372436523, 11.6688508987, 11.1718521118, 7.12951803207, 5.47336244583, 4.25130701065, 4.00003623962, 3.91061854362, 3.81179308891, 3.05505156517, 0.815370500088, 0.0225177016109, 0.00103170028888, 0.000120727068861, 2.36220075749e-05, 1.84769087355e-05, 3.13431410177e-05],
        "median": [0.040788769722, 0.350882470608, 1.22663915157, 1.47108590603, 1.28895366192, 1.89740157127, 3.92989826202, 4.87445735931, 4.28629207611, 3.61824607849, 5.71812820435, 9.30231952667, 11.4073972702, 8.8132724762, 8.52076435089, 8.524974823, 6.58411502838, 7.74178123474, 8.85810852051, 7.61026763916, 8.83770084381, 8.39280509949, 9.63029766083, 7.40069770813, 6.63629007339, 5.95817947388, 3.83976364136, 2.39324784279, 1.62160050869, 1.34338533878, 1.20476675034, 1.16871416569, 0.98319029808, 0.252860248089, 0.00692446855828, 0.00036016330705, 5.03542323713e-05, 1.05184226413e-05, 1.26901913973e-05, 2.1831228878e-05],
        "min": [1.09442013103e-21, 2.19590744603e-21, 9.42006287052e-21, 1.81799128276e-20, 4.66162287095e-20, 2.54549401425e-19, 1.92422437631e-19, 3.38407653606e-19, 6.74579076126e-19, 4.4088902425e-19, 8.0568187824e-19, 5.51778944313e-19, 9.1543406307e-19, 2.06197556505e-18, 4.23316089124e-18, 2.89298168114e-18, 4.64980556193e-18, 4.35733807197e-18, 7.70172234635e-18, 1.35086410887e-17, 1.02418169908e-17, 1.20565164243e-17, 1.16581718839e-17, 1.41504844404e-17, 1.93324880822e-17, 1.55093750963e-17, 1.82723767179e-17, 1.76373303093e-17, 1.63605786882e-17, 2.50948333701e-17, 1.33686424244e-17, 1.7594012515e-17, 1.81049818317e-17, 9.74011375136e-18, 1.0463790081e-17, 5.79091321106e-18, 3.07966931436e-18, 1.14175471117e-18, 3.32027195951e-19, 3.73715127808e-20],
        "var": [0.131050497293, 6.64978599548, 34.4144210815, 31.4703388214, 33.8042984009, 129.907089233, 524.945251465, 2092.11010742, 629.029296875, 170.562774658, 1525.03625488, 15146.3955078, 28254.5175781, 8925.20996094, 15643.6542969, 18803.6152344, 5636.4375, 5079.61376953, 7326.6875, 2317.06225586, 3838.78637695, 830.377990723, 560.470947266, 430.546875, 217.925796509, 197.6328125, 99.0052032471, 88.0142440796, 58.2358360291, 51.6774024963, 52.2306175232, 68.8964996338, 46.1116065979, 3.58126282692, 0.0028359789867, 5.08809080202e-06, 5.42871489984e-08, 1.7147109288e-09, 3.225225087e-10, 8.38660974001e-10]
    },
    "gfcc": {
        "mean": [-47.1244468689, 123.087982178, -149.280822754, 59.72133255, -72.530166626, 26.4100666046, -31.1539669037, 3.72313284874, -6.03093862534, -21.4784240723, 8.55889034271, -20.5283870697, 10.4047555923],
        "cov": [[12852.1298828, -677.37487793, -1131.62426758, 92.0422134399, -322.646514893, 620.907287598, 14.1944131851, 117.555976868, -62.7755622864, 92.7316589355, 105.018562317, 78.9599380493, 15.1907663345], [-677.37487793, 734.670227051, -49.3265991211, -81.423828125, 222.788574219, -224.294143677, 154.438049316, -56.04945755, 64.1466674805, -57.9088935852, 38.7492485046, -44.5897636414, 46.9366035461], [-1131.62426758, -49.3265991211, 618.110839844, 193.371963501, 30.9513263702, 63.4824981689, -84.2306289673, 14.0172977448, 35.1784515381, 47.037815094, 22.1616706848, 29.3408851624, -3.58274507523], [92.0422134399, -81.423828125, 193.371963501, 353.142089844, 53.9725761414, 6.17365980148, -21.8758163452, 13.899851799, 56.5526275635, 15.8271684647, -17.2602577209, 13.8933935165, -23.7506103516], [-322.646514893, 222.788574219, 30.9513263702, 53.9725761414, 279.941680908, -3.1142706871, 121.959014893, 55.6867637634, 63.1278572083, -2.32030653954, 28.8777561188, -9.24974632263, 32.0217666626], [620.907287598, -224.294143677, 63.4824981689, 6.17365980148, -3.1142706871, 300.904510498, 47.690246582, 32.8662719727, -21.7173137665, 40.8738517761, 22.9838142395, 17.7839450836, -22.8613967896], [14.1944131851, 154.438049316, -84.2306289673, -21.8758163452, 121.959014893, 47.690246582, 215.338363647, 45.3581695557, 39.4868736267, -9.46496105194, 27.9591407776, -4.0702791214, 1.97876763344], [117.555976868, -56.04945755, 14.0172977448, 13.899851799, 55.6867637634, 32.8662719727, 45.3581695557, 183.323242188, 60.8520393372, 22.885307312, 20.7015228271, 8.65201091766, 41.8669204712], [-62.7755622864, 64.1466674805, 35.1784515381, 56.5526275635, 63.1278572083, -21.7173137665, 39.4868736267, 60.8520393372, 107.462142944, 24.409828186, 4.98681926727, 0.93212211132, 17.1286907196], [92.7316589355, -57.9088935852, 47.037815094, 15.8271684647, -2.32030653954, 40.8738517761, -9.46496105194, 22.885307312, 24.409828186, 87.0304870605, 49.5352134705, 23.4970703125, 21.3604412079], [105.018562317, 38.7492485046, 22.1616706848, -17.2602577209, 28.8777561188, 22.9838142395, 27.9591407776, 20.7015228271, 4.98681926727, 49.5352134705, 110.947784424, 48.3210868835, 32.3562202454], [78.9599380493, -44.5897636414, 29.3408851624, 13.8933935165, -9.24974632263, 17.7839450836, -4.0702791214, 8.65201091766, 0.93212211132, 23.4970703125, 48.3210868835, 64.4012298584, 29.4157981873], [15.1907663345, 46.9366035461, -3.58274507523, -23.7506103516, 32.0217666626, -22.8613967896, 1.97876763344, 41.8669204712, 17.1286907196, 21.3604412079, 32.3562202454, 29.4157981873, 81.8043518066]],
        "icov": [[0.000146938618855, -0.00016154491459, 0.000457054062281, -0.000341410690453, 0.000253848207649, -0.000545707647689, 0.00029916150379, -0.000141982105561, -6.03178414167e-05, 5.21378860867e-05, -0.000212918384932, -7.70724182075e-06, -0.000114143600513], [-0.00016154491459, 0.00552053097636, -0.00144375232048, 0.00166635809001, -0.00237095821649, 0.00381044810638, -0.00334784458391, 0.00414667092264, -0.00285786530003, 0.00355252856389, -0.00424907915294, 0.00566707225516, -0.00345159205608], [0.000457054062281, -0.00144375232048, 0.00386939570308, -0.00225747539662, 0.000607899622992, -0.00289606302977, 0.00285736424848, -0.0010908448603, -0.000240148292505, -0.000625524786301, -0.000421130418545, -0.00132857193239, 0.000557339109946], [-0.000341410690453, 0.00166635809001, -0.00225747539662, 0.0053878207691, -0.00230933306739, 0.0022737281397, -0.000770437764004, 0.00117334688548, -0.002228039084, -1.90463997569e-05, 0.0013633526396, -0.00165014271624, 0.0020558363758], [0.000253848207649, -0.00237095821649, 0.000607899622992, -0.00230933306739, 0.00765917403623, -0.00221528043039, -0.00147029373329, -0.00161886308342, -0.000655804236885, 0.000664110702928, -0.001116681844, 0.00176647200715, -0.00231336406432], [-0.000545707647689, 0.00381044810638, -0.00289606302977, 0.0022737281397, -0.00221528043039, 0.00881391111761, -0.0048581357114, 0.00131212593988, 0.00149316026364, -0.00161688460503, -0.000343392486684, 0.00126278516836, 0.00101592752617], [0.00029916150379, -0.00334784458391, 0.00285736424848, -0.000770437764004, -0.00147029373329, -0.0048581357114, 0.010944603011, -0.00299335783347, -0.0015730955638, 0.00106377876364, -0.000756412744522, -0.00309028779157, 0.00371391605586], [-0.000141982105561, 0.00414667092264, -0.0010908448603, 0.00117334688548, -0.00161886308342, 0.00131212593988, -0.00299335783347, 0.0112407281995, -0.00643269345164, 0.00348543282598, -0.00394691107795, 0.00591522455215, -0.00686920294538], [-6.03178414167e-05, -0.00285786530003, -0.000240148292505, -0.002228039084, -0.000655804236885, 0.00149316026364, -0.0015730955638, -0.00643269345164, 0.0185059048235, -0.00881644804031, 0.00635627796873, -0.00393994804472, 0.00232769479044], [5.21378860867e-05, 0.00355252856389, -0.000625524786301, -1.90463997569e-05, 0.000664110702928, -0.00161688460503, 0.00106377876364, 0.00348543282598, -0.00881644804031, 0.0238577127457, -0.0135116064921, 0.00723896175623, -0.00624466827139], [-0.000212918384932, -0.00424907915294, -0.000421130418545, 0.0013633526396, -0.001116681844, -0.000343392486684, -0.000756412744522, -0.00394691107795, 0.00635627796873, -0.0135116064921, 0.024616016075, -0.0178825613111, 0.004125460051], [-7.70724182075e-06, 0.00566707225516, -0.00132857193239, -0.00165014271624, 0.00176647200715, 0.00126278516836, -0.00309028779157, 0.00591522455215, -0.00393994804472, 0.00723896175623, -0.0178825613111, 0.0366848558187, -0.0142621407285], [-0.000114143600513, -0.00345159205608, 0.000557339109946, 0.0020558363758, -0.00231336406432, 0.00101592752617, 0.00371391605586, -0.00686920294538, 0.00232769479044, -0.00624466827139, 0.004125460051, -0.0142621407285, 0.0241023544222]]
    },
    "melbands": {
        "dmean": [0.00105683016591, 0.00106877158396, 0.000407706538681, 0.000233797924011, 0.000247315852903, 0.000261930224951, 0.000103471167677, 4.84281226818e-05, 0.000108257612737, 0.000259895168711, 0.000202363182325, 9.28977533476e-05, 9.03621548787e-05, 8.67487542564e-05, 6.82913450873e-05, 3.40355945809e-05, 4.31011139881e-05, 3.23062267853e-05, 2.17620799958e-05, 1.7108341126e-05, 2.08311830647e-05, 1.20456497825e-05, 1.00088709587e-05, 9.98947143671e-06, 6.59713350615e-06, 4.78475931232e-06, 4.29383226219e-06, 4.11850260207e-06, 2.7546777801e-06, 2.0253880848e-06, 1.93420919459e-06, 1.47939954331e-06, 1.36684536756e-06, 1.46002946622e-06, 1.42351234445e-06, 1.48017659285e-06, 1.55765451382e-06, 1.3743197087e-06, 9.65014692156e-07, 1.9496489756e-07],
        "dmean2": [0.00155512453057, 0.00172008969821, 0.000660150893964, 0.000393737456761, 0.000400116987294, 0.000388300599298, 0.000162120093592, 7.95654414105e-05, 0.000172575513716, 0.000395461596781, 0.0003124717623, 0.000142334349221, 0.000132421599119, 0.00012751428585, 9.8369368061e-05, 5.18924462085e-05, 6.95831622579e-05, 5.07691329403e-05, 3.41029190167e-05, 2.58029540419e-05, 3.30645780195e-05, 1.93798059627e-05, 1.57307549671e-05, 1.5597739548e-05, 1.03116071841e-05, 7.54445045459e-06, 6.66814730721e-06, 6.42315762889e-06, 4.12761892221e-06, 3.06943798023e-06, 2.86826752927e-06, 2.2067520149e-06, 1.98632733373e-06, 2.1134671897e-06, 2.04458910957e-06, 2.20970127884e-06, 2.29348688663e-06, 1.98124780582e-06, 1.35546406455e-06, 2.93175901334e-07],
        "dvar": [5.45943248653e-06, 6.4642936195e-06, 6.62155457576e-07, 2.63487635266e-07, 3.48155936081e-07, 4.74246661497e-07, 8.92759075555e-08, 1.93298621554e-08, 9.77497123245e-08, 4.61749408487e-07, 2.88363054324e-07, 6.71176252354e-08, 9.08576467396e-08, 5.80558712215e-08, 3.80449378667e-08, 8.04963651291e-09, 2.05282564281e-08, 1.20696483918e-08, 2.73200373435e-09, 1.2975396313e-09, 3.57292839759e-09, 5.00834318462e-10, 3.43237216427e-10, 3.96274985048e-10, 1.49668014093e-10, 7.22924983765e-11, 6.3716698584e-11, 5.07418447537e-11, 2.66769922125e-11, 1.93842251278e-11, 1.82669313703e-11, 1.10248355584e-11, 8.24191843246e-12, 9.79946158941e-12, 9.00037076118e-12, 1.65609054248e-11, 2.31987814375e-11, 1.47059153049e-11, 6.40467453378e-12, 2.97308239226e-13],
        "dvar2": [1.15095199362e-05, 1.59963583428e-05, 1.65381766237e-06, 6.78985543345e-07, 8.05756656064e-07, 8.58014402638e-07, 1.92332720417e-07, 4.58907294387e-08, 2.35110803715e-07, 1.02159231119e-06, 5.77846662964e-07, 1.44685586179e-07, 1.49211217604e-07, 1.18785891345e-07, 6.78564902046e-08, 1.93972020668e-08, 5.47113181426e-08, 2.8886157466e-08, 6.02929439708e-09, 2.62315102972e-09, 8.71214123066e-09, 1.16778164916e-09, 8.32054092292e-10, 9.78927827688e-10, 3.41645989277e-10, 1.65855398859e-10, 1.54816492959e-10, 1.23003052188e-10, 5.8786434054e-11, 4.17214769677e-11, 3.76369005406e-11, 2.24055132086e-11, 1.63411298382e-11, 1.98394113637e-11, 1.81112347342e-11, 3.99618983737e-11, 5.77014720726e-11, 3.01279591552e-11, 1.25793750416e-11, 6.47238935624e-13],
        "max": [0.0309532228857, 0.0310274735093, 0.009377152659, 0.00503653753549, 0.00853018648922, 0.00884786248207, 0.00621328176931, 0.00273525924422, 0.00522883050144, 0.00780437653884, 0.00654897047207, 0.00366918137297, 0.00720752635971, 0.00450318586081, 0.00315800355747, 0.00114899501204, 0.00260811834596, 0.0020587996114, 0.000721993739717, 0.000673798320349, 0.00122236658353, 0.000382055994123, 0.000209076082683, 0.000384661194403, 0.00012203330698, 9.01887397049e-05, 8.60353538883e-05, 8.09915291029e-05, 6.4414110966e-05, 6.03850203333e-05, 4.33640998381e-05, 3.67535612895e-05, 3.53630603058e-05, 4.15911781602e-05, 3.65188643627e-05, 6.24737658654e-05, 8.12788930489e-05, 7.1707268944e-05, 4.47059464932e-05, 1.0009503967e-05],
        "mean": [0.00160207564477, 0.00168629281688, 0.000586927460972, 0.000277493061731, 0.000376621348551, 0.000411417277064, 0.000146624079207, 6.84647602611e-05, 0.000167218866409, 0.000399924785597, 0.000357006385457, 0.000167182923178, 0.000142111050081, 0.000151290747453, 0.000128129177028, 4.74215812574e-05, 5.29115823156e-05, 5.67057759326e-05, 3.25007313222e-05, 2.74137273664e-05, 3.19833015965e-05, 1.94973144971e-05, 1.60653908097e-05, 1.68037568073e-05, 1.12605712275e-05, 8.92769458005e-06, 7.63289426686e-06, 7.44798808228e-06, 4.70998475066e-06, 3.39291500495e-06, 3.11248049911e-06, 2.3837765184e-06, 2.18295008381e-06, 2.22853668674e-06, 2.23050756176e-06, 2.2315273327e-06, 2.4023891001e-06, 2.27503596761e-06, 1.70619352957e-06, 3.00987863966e-07],
        "median": [0.000471882289276, 0.000711448141374, 0.000275956874248, 0.00010615120118, 0.00013248489995, 0.000113586560474, 6.5388805524e-05, 3.65000960301e-05, 4.26310798503e-05, 5.68141476833e-05, 5.39796383237e-05, 3.13763266604e-05, 2.1091715098e-05, 2.20620731852e-05, 1.62866726896e-05, 1.32097557071e-05, 1.31498291012e-05, 1.30382359202e-05, 1.09531592898e-05, 8.82143103809e-06, 9.73748865363e-06, 8.32714431453e-06, 7.43219607102e-06, 8.3426166384e-06, 5.14597468282e-06, 4.95837684866e-06, 4.00151020585e-06, 3.73118541575e-06, 2.433111149e-06, 1.60719525866e-06, 1.29932436721e-06, 9.17733302686e-07, 7.62023205425e-07, 7.21938135939e-07, 6.9631983024e-07, 6.55960377571e-07, 6.84257656758e-07, 6.66229141189e-07, 5.44319050277e-07, 7.87631009302e-08],
        "min": [7.99039498595e-24, 3.76747425445e-24, 3.63590527167e-24, 1.06142851962e-23, 8.37358495952e-24, 8.02644040729e-24, 8.75842996327e-24, 5.77050647764e-24, 5.63583451048e-24, 4.58646136321e-24, 4.43837323864e-24, 7.25204011132e-24, 1.45365576261e-23, 7.88733898615e-24, 9.20541354053e-24, 9.8541198953e-24, 7.39763780202e-24, 1.26626019797e-23, 1.48044090356e-23, 1.61925360161e-23, 1.10196106068e-23, 1.06437018194e-23, 1.50912783038e-23, 9.8263890679e-24, 1.17850399766e-23, 8.98196158938e-24, 2.0281064826e-23, 7.46696763153e-24, 1.13983608712e-23, 1.06562865174e-23, 1.04207476395e-23, 7.31959421494e-24, 1.28260373932e-23, 1.43045883438e-23, 7.1260400921e-24, 7.91039265725e-24, 1.19826220232e-23, 1.31400986968e-23, 9.76271458221e-24, 7.56794103854e-24],
        "var": [1.02161329778e-05, 8.7299849838e-06, 8.31792704048e-07, 2.84225961877e-07, 5.82172788199e-07, 9.32422437927e-07, 1.17604677996e-07, 2.19983515848e-08, 1.93298205886e-07, 9.60519287219e-07, 7.5899328067e-07, 1.83326761771e-07, 2.14471342019e-07, 1.37130797384e-07, 1.36411316021e-07, 1.18134737548e-08, 1.96922336215e-08, 2.82846386312e-08, 4.79147788113e-09, 3.11052517077e-09, 5.13360154386e-09, 9.69681668295e-10, 5.36270750029e-10, 7.29201810046e-10, 2.75719558296e-10, 1.36038499909e-10, 1.03099334625e-10, 9.13179462603e-11, 4.51954654257e-11, 3.06372011094e-11, 3.11704030642e-11, 1.9208740501e-11, 1.53979641537e-11, 1.7034595956e-11, 1.66942449448e-11, 2.17883888015e-11, 3.1476397877e-11, 2.79782429863e-11, 1.41180903773e-11, 6.67215035392e-13]
    },
    "mfcc": {
        "mean": [-659.415649414, 112.866844177, 0.475924402475, 19.9488983154, 5.11998510361, 4.3635802269, 4.2107167244, 9.66708278656, -0.0899639800191, 6.55565738678, -6.38361883163, 2.56273198128, -5.02169561386],
        "cov": [[11120.3300781, -620.747375488, -838.362915039, -365.391113281, -290.987243652, 232.847976685, 134.008850098, 195.236480713, -108.637268066, 181.930984497, 2.80529856682, 120.41594696, -70.1592407227], [-620.747375488, 800.128173828, -198.639068604, 95.0214614868, 5.26061439514, -58.3185691833, 63.7895278931, -14.2737035751, 23.9540023804, 4.68570137024, -13.5421266556, -14.9708824158, 17.7033882141], [-838.362915039, -198.639068604, 565.42767334, 45.7446250916, 115.585090637, 57.1681976318, -42.2806663513, -27.4118347168, -20.8062896729, -24.6801548004, 35.1634407043, 6.21146345139, 4.40271949768], [-365.391113281, 95.0214614868, 45.7446250916, 363.804992676, 95.4614639282, -14.0451450348, -43.255317688, 17.4379177094, 45.3653411865, 12.7522220612, 3.92406105995, 39.1925544739, 4.42340040207], [-290.987243652, 5.26061439514, 115.585090637, 95.4614639282, 200.770278931, 2.72242593765, 14.5396299362, 14.0511884689, 46.8749923706, 30.0581569672, 8.29672145844, 13.0613031387, 19.0737743378], [232.847976685, -58.3185691833, 57.1681976318, -14.0451450348, 2.72242593765, 207.489639282, 54.0465774536, 32.4453582764, -15.9965906143, 2.03086566925, 36.800567627, 11.3206005096, 4.76695680618], [134.008850098, 63.7895278931, -42.2806663513, -43.255317688, 14.5396299362, 54.0465774536, 159.414291382, 62.497127533, 20.568605423, 20.4669761658, 28.8069553375, 27.0656604767, 24.7906322479], [195.236480713, -14.2737035751, -27.4118347168, 17.4379177094, 14.0511884689, 32.4453582764, 62.497127533, 130.164169312, 50.9560546875, 37.1729278564, 13.7801027298, 30.9266414642, 12.6035242081], [-108.637268066, 23.9540023804, -20.8062896729, 45.3653411865, 46.8749923706, -15.9965906143, 20.568605423, 50.9560546875, 123.341712952, 49.3687591553, 21.0566310883, 0.246497526765, 17.6410179138], [181.930984497, 4.68570137024, -24.6801548004, 12.7522220612, 30.0581569672, 2.03086566925, 20.4669761658, 37.1729278564, 49.3687591553, 101.321968079, 21.8918647766, 13.5433931351, 8.76952075958], [2.80529856682, -13.5421266556, 35.1634407043, 3.92406105995, 8.29672145844, 36.800567627, 28.8069553375, 13.7801027298, 21.0566310883, 21.8918647766, 87.5143432617, 16.6342830658, 9.7189540863], [120.41594696, -14.9708824158, 6.21146345139, 39.1925544739, 13.0613031387, 11.3206005096, 27.0656604767, 30.9266414642, 0.246497526765, 13.5433931351, 16.6342830658, 85.2227249146, 23.4274368286], [-70.1592407227, 17.7033882141, 4.40271949768, 4.42340040207, 19.0737743378, 4.76695680618, 24.7906322479, 12.6035242081, 17.6410179138, 8.76952075958, 9.7189540863, 23.4274368286, 68.1694641113]],
