{
"lowlevel": {
    "average_loudness": 0.960399508476,
    "barkbands_crest": {
        "dmean": 2.04425907135,
        "dmean2": 3.25972557068,
        "dvar": 3.48552393913,
        "dvar2": 8.08981323242,
        "max": 21.9256954193,
        "mean": 7.47725725174,
        "median": 6.87764501572,
        "min": 2.07120728493,
        "var": 8.41503429413
    },
    "barkbands_flatness_db": {
        "dmean": 0.0187080539763,
        "dmean2": 0.0296825040132,
        "dvar": 0.000269635725999,
        "dvar2": 0.000612947391346,
        "max": 0.295458674431,
        "mean": 0.156504377723,
        "median": 0.152680873871,
        "min": 0.0295578148216,
        "var": 0.000803206581622
    },
    "barkbands_kurtosis": {
        "dmean": 1.09879636765,
        "dmean2": 1.74301183224,
        "dvar": 4.74339485168,
        "dvar2": 9.79089450836,
        "max": 43.230342865,
        "mean": 0.864487230778,
        "median": 0.389060258865,
        "min": -1.89183807373,
        "var": 7.74509477615
    },
    "barkbands_skewness": {
        "dmean": 0.398767471313,
        "dmean2": 0.602941095829,
        "dvar": 0.19280795753,
        "dvar2": 0.377036899328,
        "max": 5.96596193314,
        "mean": 0.517908990383,
        "median": 0.47386470437,
        "min": -2.25487661362,
        "var": 0.732359528542
    },
    "barkbands_spread": {
        "dmean": 4.94219732285,
        "dmean2": 7.13407659531,
        "dvar": 33.3054046631,
        "dvar2": 69.9440689087,
        "max": 84.1219940186,
        "mean": 21.8911552429,
        "median": 20.0793647766,
        "min": 3.11008405685,
        "var": 100.828010559
    },
    "dissonance": {
        "dmean": 0.0165287777781,
        "dmean2": 0.027645142749,
        "dvar": 0.000257552048424,
        "dvar2": 0.000628419860732,
        "max": 0.5,
        "mean": 0.471305191517,
        "median": 0.477201223373,
        "min": 0.219210162759,
        "var": 0.000529000360984
    },
    "dynamic_complexity": 3.37288451195,
    "erbbands_crest": {
        "dmean": 2.48157405853,
        "dmean2": 4.00005149841,
        "dvar": 5.31174230576,
        "dvar2": 12.9963502884,
        "max": 26.0783805847,
        "mean": 8.93235683441,
        "median": 8.27014732361,
        "min": 2.78815484047,
        "var": 14.6554841995
    },
    "erbbands_flatness_db": {
        "dmean": 0.0147016718984,
        "dmean2": 0.020775642246,
        "dvar": 0.000190259233932,
        "dvar2": 0.000384947838029,
        "max": 0.314891666174,
        "mean": 0.207611843944,
        "median": 0.206447988749,
        "min": 0.0958054289222,
        "var": 0.00102065480314
    },
    "erbbands_kurtosis": {
        "dmean": 0.854170382023,
        "dmean2": 1.34249663353,
        "dvar": 0.784288227558,
        "dvar2": 1.82067525387,
        "max": 10.3737955093,
        "mean": 0.775712192059,
        "median": 0.529985427856,
        "min": -1.68448626995,
        "var": 2.25839686394
    },
    "erbbands_skewness": {
        "dmean": 0.32185792923,
        "dmean2": 0.473670065403,
        "dvar": 0.0890274494886,
        "dvar2": 0.191091403365,
        "max": 2.10269069672,
        "mean": 0.245871737599,
        "median": 0.215049639344,
        "min": -2.6455116272,
        "var": 0.436276227236
    },
    "erbbands_spread": {
        "dmean": 6.4320268631,
        "dmean2": 9.35553264618,
        "dvar": 50.9840507507,
        "dvar2": 114.385742188,
        "max": 109.586662292,
        "mean": 28.4218025208,
        "median": 23.7667827606,
        "min": 6.76741075516,
        "var": 227.921356201
    },
    "hfc": {
        "dmean": 6.48451089859,
        "dmean2": 9.57479572296,
        "dvar": 110.726203918,
        "dvar2": 227.731414795,
        "max": 203.140319824,
        "mean": 27.8943443298,
        "median": 26.1794090271,
        "min": 1.1935211711e-16,
        "var": 417.830749512
    },
    "melbands_crest": {
        "dmean": 2.7089176178,
        "dmean2": 4.27706193924,
        "dvar": 7.04352283478,
        "dvar2": 16.6682109833,
        "max": 28.0951061249,
        "mean": 9.96326637268,
        "median": 9.02372646332,
        "min": 2.47888660431,
        "var": 17.1724205017
    },
    "melbands_flatness_db": {
        "dmean": 0.02063495107,
        "dmean2": 0.0293898433447,
        "dvar": 0.000477058638353,
        "dvar2": 0.000870839634445,
        "max": 0.329688549042,
        "mean": 0.134431287646,
        "median": 0.128864780068,
        "min": 0.0124050481245,
        "var": 0.00185758853331
    },
    "melbands_kurtosis": {
        "dmean": 2.44488716125,
        "dmean2": 3.85250806808,
        "dvar": 31.409986496,
        "dvar2": 62.436870575,
        "max": 122.702301025,
        "mean": 3.65510630608,
        "median": 1.68220329285,
        "min": -1.7017878294,
        "var": 63.3860282898
    },
    "melbands_skewness": {
        "dmean": 0.50982517004,
        "dmean2": 0.754160046577,
        "dvar": 0.331143587828,
        "dvar2": 0.651176691055,
        "max": 9.42066955566,
        "mean": 1.20468628407,
        "median": 0.951843559742,
        "min": -1.3786945343,
        "var": 1.40299594402
    },
    "melbands_spread": {
        "dmean": 8.54810714722,
        "dmean2": 12.7847948074,
        "dvar": 123.194129944,
        "dvar2": 238.238006592,
        "max": 195.270385742,
        "mean": 34.5782775879,
        "median": 30.9250068665,
        "min": 2.416847229,
        "var": 355.775238037
    },
    "pitch_salience": {
        "dmean": 0.0653550773859,
        "dmean2": 0.103137329221,
        "dvar": 0.00324764219113,
        "dvar2": 0.00778886163607,
        "max": 0.958201467991,
        "mean": 0.620195150375,
        "median": 0.625571012497,
        "min": 0.144307047129,
        "var": 0.00793106853962
    },
    "silence_rate_20dB": {
        "dmean": 0,
        "dmean2": 0,
        "dvar": 0,
        "dvar2": 0,
        "max": 1,
        "mean": 1,
        "median": 1,
        "min": 1,
        "var": 0
    },
    "silence_rate_30dB": {
        "dmean": 0,
        "dmean2": 0,
        "dvar": 0,
        "dvar2": 0,
        "max": 1,
        "mean": 1,
        "median": 1,
        "min": 1,
        "var": 0
    },
    "silence_rate_60dB": {
        "dmean": 0.0185471400619,
        "dmean2": 0.0371229685843,
        "dvar": 0.0182033386081,
        "dvar2": 0.0403859131038,
        "max": 1,
        "mean": 0.117374517024,
        "median": 0,
        "min": 0,
        "var": 0.103597290814
    },
    "spectral_centroid": {
        "dmean": 268.617401123,
        "dmean2": 393.049682617,
        "dvar": 130937.679688,
        "dvar2": 188381.65625,
        "max": 11163.6572266,
        "mean": 1739.07067871,
        "median": 1664.83532715,
        "min": 319.235717773,
        "var": 369691.71875
    },
    "spectral_complexity": {
        "dmean": 4.7248840332,
        "dmean2": 6.99767971039,
        "dvar": 26.3215866089,
        "dvar2": 52.0085029602,
        "max": 59,
        "mean": 24.3065643311,
        "median": 24,
        "min": 0,
        "var": 154.152267456
    },
    "spectral_decrease": {
        "dmean": 1.14541220952e-09,
        "dmean2": 1.69828207053e-09,
        "dvar": 2.46414705656e-18,
        "dvar2": 5.02277716422e-18,
        "max": 4.65748360675e-29,
        "mean": -5.1372466281e-09,
        "median": -5.51218359846e-09,
        "min": -2.78175225077e-08,
        "var": 9.04278974163e-18
    },
    "spectral_energy": {
        "dmean": 0.00473555689678,
        "dmean2": 0.00698089133948,
        "dvar": 3.91870344174e-05,
        "dvar2": 8.01207788754e-05,
        "max": 0.107388399541,
        "mean": 0.0219192672521,
        "median": 0.0236037243158,
        "min": 1.06498090227e-20,
        "var": 0.000158205846674
    },
    "spectral_energyband_high": {
        "dmean": 0.000449543382274,
        "dmean2": 0.00065071642166,
        "dvar": 1.37731979066e-06,
        "dvar2": 2.71975568467e-06,
        "max": 0.0281038526446,
        "mean": 0.00106786226388,
        "median": 0.000696008501109,
        "min": 7.76979392762e-21,
        "var": 2.7807227525e-06
    },
    "spectral_energyband_low": {
        "dmean": 0.000810083409306,
        "dmean2": 0.00125695415772,
        "dvar": 1.48907201947e-06,
        "dvar2": 3.53888162863e-06,
        "max": 0.0206397548318,
        "mean": 0.00160944124218,
        "median": 0.00100937660318,
        "min": 3.9892531894e-23,
        "var": 3.66288441001e-06
    },
    "spectral_energyband_middle_high": {
        "dmean": 0.0026169824414,
        "dmean2": 0.00404332578182,
        "dvar": 1.03828087958e-05,
        "dvar2": 2.4282187951e-05,
        "max": 0.0389661081135,
        "mean": 0.0112924417481,
        "median": 0.0117278378457,
        "min": 1.5413085969e-21,
        "var": 6.39288773527e-05
    },
    "spectral_energyband_middle_low": {
        "dmean": 0.00357901514508,
        "dmean2": 0.00540518248454,
        "dvar": 3.60290541721e-05,
        "dvar2": 7.38350354368e-05,
        "max": 0.103149786592,
        "mean": 0.00901029538363,
        "median": 0.00653056660667,
        "min": 4.57828969509e-22,
        "var": 8.14569211798e-05
    },
    "spectral_entropy": {
        "dmean": 0.129616543651,
        "dmean2": 0.176432326436,
        "dvar": 0.01583587192,
        "dvar2": 0.0270139016211,
        "max": 9.80979442596,
        "mean": 7.6966714859,
        "median": 7.71796035767,
        "min": 6.61802101135,
        "var": 0.0675228536129
    },
    "spectral_flux": {
        "dmean": 0.0189589932561,
        "dmean2": 0.0299969539046,
        "dvar": 0.000393729395,
        "dvar2": 0.000840556982439,
        "max": 0.261118888855,
        "mean": 0.0765073075891,
        "median": 0.073990650475,
        "min": 1.03197908552e-10,
        "var": 0.00135913363192
    },
    "spectral_kurtosis": {
        "dmean": 1.43859088421,
        "dmean2": 2.45437550545,
        "dvar": 3.09717392921,
        "dvar2": 9.28583621979,
        "max": 28.8889102936,
        "mean": 2.74815630913,
        "median": 2.34765434265,
        "min": -1.16890490055,
        "var": 4.67514228821
    },
    "spectral_rms": {
        "dmean": 0.000485808996018,
        "dmean2": 0.00071170728188,
        "dvar": 3.25371814824e-07,
        "dvar2": 6.67337417326e-07,
        "max": 0.0102356811985,
        "mean": 0.00431992579252,
        "median": 0.00479875225574,
        "min": 3.22336124806e-12,
        "var": 2.72290731118e-06
    },
    "spectral_rolloff": {
        "dmean": 500.056365967,
        "dmean2": 768.284545898,
        "dvar": 595646.1875,
        "dvar2": 1050301.25,
        "max": 18755.4199219,
        "mean": 2065.49291992,
        "median": 1830.32226562,
        "min": 150.732421875,
        "var": 1492041.125
    },
    "spectral_skewness": {
        "dmean": 0.204333767295,
        "dmean2": 0.325396597385,
        "dvar": 0.0395961627364,
        "dvar2": 0.101424984634,
        "max": 3.41274809837,
        "mean": 1.17581808567,
        "median": 1.17017281055,
        "min": -0.0280220471323,
        "var": 0.132754325867
    },
    "spectral_spread": {
        "dmean": 344615.15625,
        "dmean2": 497062.84375,
        "dvar": 1.05195726438e+12,
        "dvar2": 921356926976,
        "max": 39414444,
        "mean": 3696001,
        "median": 3627603.75,
        "min": 1742294,
        "var": 1.62233253888e+12
    },
    "spectral_strongpeak": {
        "dmean": 0.886533737183,
        "dmean2": 1.41424095631,
        "dvar": 1.48598027229,
        "dvar2": 3.22647452354,
        "max": 16.3053188324,
        "mean": 1.90795862675,
        "median": 1.29632949829,
        "min": 0,
        "var": 4.31852674484
    },
    "zerocrossingrate": {
        "dmean": 0.0102044744417,
        "dmean2": 0.0117002455518,
        "dvar": 0.000337455712724,
        "dvar2": 0.000310865201754,
        "max": 0.51123046875,
        "mean": 0.0771612599492,
        "median": 0.0732421875,
        "min": 0.0166015625,
        "var": 0.00103228434455
    },
    "barkbands": {
        "dmean": [2.43224985752e-06, 0.000300346087897, 0.000292152457405, 0.0011725674849, 0.00164089375176, 0.00110329966992, 0.000356047414243, 0.000638169876765, 0.00059414585121, 0.000665964849759, 0.000804063049145, 0.000625742832199, 0.000844896596391, 0.000628762238193, 0.000667170330416, 0.000431626976933, 0.000384418497561, 0.000405140774092, 0.000288084876956, 0.000189185127965, 0.000145551835885, 0.000101934383565, 0.000107535022835, 9.8906835774e-05, 1.18017860586e-05, 7.07766567576e-10, 7.32155391869e-10],
        "dmean2": [4.22674293077e-06, 0.000431373191532, 0.000473048596177, 0.00183935661335, 0.00262181879953, 0.00181437178981, 0.000598215439823, 0.0010205344297, 0.000958942226134, 0.00105695705861, 0.00131613260601, 0.000995943788439, 0.00137060729321, 0.000981437857263, 0.00101441587321, 0.000672517810017, 0.00060216919519, 0.000642552564386, 0.000458193622762, 0.000300427229377, 0.000223872237257, 0.000153788118041, 0.0001654055377, 0.000147558705066, 1.83766860573e-05, 1.28152344292e-09, 1.32486810411e-09],
        "dvar": [2.25523558162e-11, 2.72691551118e-07, 2.04467838216e-07, 7.06635182723e-06, 1.19545093185e-05, 4.23531810156e-06, 6.64650031013e-07, 1.20664981296e-06, 9.70556016e-07, 7.98709663741e-07, 1.12049622203e-06, 7.34082959752e-07, 2.05924425245e-06, 1.84085536148e-06, 1.95096345124e-06, 8.45573140396e-07, 4.49880758424e-07, 5.40453299891e-07, 2.85892610918e-07, 1.4276541549e-07, 6.52697238479e-08, 8.88510882646e-08, 1.21202575087e-07, 1.25294604914e-07, 6.77715106256e-10, 8.77357595306e-19, 9.31895681043e-19],
        "dvar2": [6.04126193515e-11, 4.9911551514e-07, 4.99879945437e-07, 1.60425133799e-05, 2.62975408987e-05, 1.07778923848e-05, 1.80889526291e-06, 2.761132464e-06, 2.26839438255e-06, 2.08711094274e-06, 3.03182150674e-06, 1.94165113498e-06, 4.89147396365e-06, 4.26317819802e-06, 4.10027541875e-06, 1.92022253032e-06, 9.38750815749e-07, 1.19328456094e-06, 6.25301197488e-07, 3.56091703679e-07, 1.47373469872e-07, 1.92071524907e-07, 2.5153363481e-07, 2.88042997454e-07, 1.4394856418e-09, 2.56325301331e-18, 2.71782970195e-18],
        "max": [5.54173348064e-05, 0.00927169714123, 0.00461963145062, 0.0375372283161, 0.0586489476264, 0.0249555595219, 0.0119498334825, 0.0183084923774, 0.0167980808765, 0.0099362609908, 0.0104930056259, 0.00878117792308, 0.0162797290832, 0.0244125947356, 0.0204898752272, 0.0123690646142, 0.0134911835194, 0.0155951986089, 0.00738795800135, 0.00693854317069, 0.00376937678084, 0.00779686961323, 0.00826944410801, 0.00737838353962, 0.000578728038818, 7.13706649336e-09, 7.20824333555e-09],
        "mean": [2.51105097959e-06, 0.000678008596878, 0.000484424846945, 0.00138998928014, 0.00223797070794, 0.0018701441586, 0.000471345760161, 0.00112615898252, 0.00114243873395, 0.00162975373678, 0.00211257115006, 0.00128985231277, 0.00137242802884, 0.00103496469092, 0.0010908379918, 0.00064529676456, 0.000741340045352, 0.00081063125981, 0.000531560450327, 0.000359903264325, 0.000308540242258, 0.000193852625671, 0.00020066385332, 0.000174733955646, 1.93556370505e-05, 6.17624007493e-10, 6.31132646145e-10],
        "median": [9.57554902925e-07, 0.000175993307494, 0.000239205022808, 0.000385387451388, 0.000795181957074, 0.000704239762854, 0.000210454483749, 0.000736273243092, 0.000621778366622, 0.000965888961218, 0.00140459346585, 0.000834876846056, 0.000569942465518, 0.000337268487783, 0.000337936595315, 0.000216244225157, 0.000420920434408, 0.000519261753652, 0.000275182916084, 0.000199487243663, 0.000188279431313, 0.000104641687358, 0.000118921670946, 0.00010316089174, 1.0918706721e-05, 2.39900377341e-10, 2.43475434258e-10],
        "min": [4.73962225784e-25, 6.43719570561e-24, 5.12194527327e-24, 4.53048434558e-23, 8.20753226333e-23, 6.43561687939e-23, 4.22373483595e-23, 1.57965256328e-22, 5.03914785261e-23, 8.17615074543e-23, 2.02043559916e-22, 3.38152168999e-23, 3.2848300622e-23, 1.82725517551e-22, 1.2393587947e-22, 2.24848607297e-22, 1.61888356273e-22, 1.64784409807e-22, 2.42425438007e-22, 2.53102550452e-22, 3.63386365231e-22, 4.33971745764e-22, 5.7498332101e-22, 7.96535600439e-22, 1.10455006431e-21, 1.72413257692e-21, 2.85257919442e-21],
        "var": [2.46301330026e-11, 1.47402488437e-06, 3.90664780525e-07, 9.20231468626e-06, 1.64626471815e-05, 9.41981579672e-06, 6.36818981548e-07, 2.11086262425e-06, 3.20988669955e-06, 3.10382665702e-06, 4.58379008705e-06, 1.83807696885e-06, 4.48870241598e-06, 4.07901688959e-06, 4.40878420704e-06, 1.63546030763e-06, 1.18123830362e-06, 1.46115348798e-06, 6.83059397488e-07, 2.55781827718e-07, 1.48481376527e-07, 1.46128186884e-07, 1.86847344708e-07, 1.80186049192e-07, 1.16665399563e-09, 8.90337403285e-19, 9.41775526279e-19]
    },
    "erbbands": {
        "dmean": [0.00422925781459, 0.0815291628242, 0.277680337429, 1.94658434391, 6.35758543015, 5.50453472137, 5.28380250931, 11.3056621552, 5.54397583008, 8.53510761261, 13.857424736, 12.2720165253, 20.6580753326, 19.2153491974, 34.9245910645, 18.372882843, 35.058467865, 29.6792583466, 24.2014522552, 32.9623985291, 21.4566192627, 20.8864326477, 22.2801055908, 17.8414611816, 9.72164535522, 8.41668987274, 7.10284090042, 5.08391189575, 3.57020616531, 3.55066609383, 2.98545336723, 2.55398464203, 1.29513823986, 0.249820694327, 0.00671127531677, 0.00033224109211, 4.11548135162e-05, 8.86130419531e-06, 4.41162274001e-06, 6.24686208539e-06],
        "dmean2": [0.00640533166006, 0.116728298366, 0.427838116884, 3.09806919098, 9.60911941528, 9.33408260345, 8.9827747345, 18.2267036438, 9.25542163849, 13.9727134705, 22.2971096039, 19.7134456635, 32.2898330688, 31.5563163757, 55.7131500244, 29.0895137787, 57.5682525635, 45.3111991882, 38.420879364, 51.2431716919, 33.1017684937, 32.0761680603, 34.1998901367, 28.4413738251, 14.9260044098, 13.1325616837, 11.3239574432, 7.76967763901, 5.46257352829, 5.33330869675, 4.65454483032, 3.79244732857, 1.9145655632, 0.368381083012, 0.00982927158475, 0.00047944689868, 5.79927436775e-05, 1.22584997371e-05, 6.19530601398e-06, 9.13193161978e-06],
        "dvar": [5.77415776206e-05, 0.0202198792249, 0.158467382193, 16.5689411163, 247.700485229, 135.99697876, 71.854850769, 538.078979492, 125.396018982, 333.406768799, 574.828125, 399.243225098, 882.58972168, 670.058654785, 2329.48144531, 586.48248291, 3499.99267578, 3515.50463867, 1754.5703125, 5002.73242188, 2066.22167969, 1359.19042969, 1505.56323242, 1179.22741699, 429.552612305, 251.838409424, 178.690536499, 87.0711593628, 112.02822876, 131.154586792, 90.9220123291, 78.2314910889, 18.3228683472, 0.402461379766, 0.000288194976747, 8.73726435202e-07, 1.47023007102e-08, 6.66246002812e-10, 7.48518538818e-11, 6.94228563525e-11],
        "dvar2": [0.000140221571201, 0.0358319655061, 0.348101258278, 38.7738227844, 550.304260254, 351.172393799, 196.787124634, 1347.13781738, 333.557281494, 842.1796875, 1418.93566895, 946.352844238, 2254.61157227, 1665.97180176, 6389.65625, 1387.52441406, 9097.47265625, 7609.35351562, 4111.98632812, 11499.5654297, 4466.43408203, 2873.40039062, 3144.15844727, 2649.62426758, 1043.07531738, 601.954467773, 433.746459961, 192.468566895, 254.188812256, 265.611083984, 195.740768433, 184.049102783, 38.3491859436, 0.810401380062, 0.000561276799999, 1.72741056303e-06, 2.92751867192e-08, 1.32520383556e-09, 1.4829154571e-10, 1.39665889964e-10],
        "max": [0.104194715619, 2.53187632561, 4.33480501175, 63.696811676, 266.746795654, 123.620040894, 112.680175781, 324.736602783, 141.67036438, 341.464050293, 405.135070801, 363.107696533, 342.245269775, 312.0078125, 595.05291748, 321.488433838, 610.770080566, 1304.86975098, 611.84576416, 936.346008301, 639.860717773, 644.096862793, 850.245117188, 525.108398438, 434.780822754, 278.021026611, 162.58934021, 180.45300293, 289.466308594, 304.426239014, 194.478683472, 184.904632568, 101.198921204, 15.9827976227, 0.425805896521, 0.0235066339374, 0.00303689180873, 0.000645483320113, 0.000213584848098, 0.000132705885335],
        "mean": [0.00803801976144, 0.189056873322, 0.571573495865, 2.49742841721, 8.15150547028, 6.13763284683, 8.47923946381, 17.8291282654, 8.7167339325, 13.9852237701, 26.1476898193, 25.0161342621, 51.7008934021, 52.6887168884, 92.4419555664, 43.9330368042, 58.8139343262, 52.7962646484, 42.0034255981, 55.599029541, 36.1198005676, 43.8140716553, 47.0678367615, 34.8348922729, 19.1952571869, 16.6461353302, 13.98823452, 10.5625677109, 6.97981405258, 6.56177997589, 5.42585611343, 4.50761175156, 2.30962061882, 0.476220697165, 0.0131251038983, 0.000685882754624, 9.44909406826e-05, 2.20134243136e-05, 1.79640428541e-05, 2.91501528409e-05],
        "median": [0.0022273294162, 0.0538516268134, 0.306469500065, 0.928935647011, 1.71452069283, 2.48861670494, 4.77108669281, 5.53581809998, 3.62717056274, 8.41488361359, 17.9604816437, 16.6752490997, 25.8974971771, 41.8723106384, 55.3462142944, 32.6895866394, 28.8514022827, 21.5227031708, 19.9667377472, 18.9026908875, 14.4228553772, 26.1348800659, 32.3004455566, 17.9238471985, 11.6684446335, 9.38792324066, 7.91112995148, 6.57954835892, 3.78111743927, 3.97023940086, 2.98590326309, 2.74603009224, 1.27501380444, 0.289749294519, 0.00804634951055, 0.00043629904394, 6.53641545796e-05, 1.59527553478e-05, 1.72103391378e-05, 3.07295194943e-05],
        "min": [5.6963923645e-23, 1.80309621562e-21, 6.72146770921e-21, 9.43070102712e-20, 7.83517819296e-20, 2.52159263045e-19, 6.56226471574e-19, 7.06184199765e-19, 5.3288495005e-19, 1.98194335924e-18, 2.8768129885e-18, 1.10018350872e-18, 1.51488378798e-18, 3.62667330688e-18, 8.93376733689e-18, 1.73397487752e-18, 1.20518788362e-18, 6.68483571852e-18, 1.1282522698e-17, 5.29023360758e-18, 1.3539987098e-17, 8.14437150754e-18, 1.07875709067e-17, 9.01799086686e-18, 1.341799781e-17, 1.04739693657e-17, 1.84597132743e-17, 1.14401312104e-17, 1.21637231676e-17, 1.88144347908e-17, 1.58221833711e-17, 1.06332214859e-17, 1.68443569238e-17, 1.45622814191e-17, 7.44263118052e-18, 5.937933398e-18, 2.98435473994e-18, 1.67310803292e-18, 3.80562199339e-19, 4.04760023991e-20],
        "var": [0.000176495828782, 0.112179532647, 0.481043368578, 21.1136169434, 336.012390137, 124.280380249, 123.237174988, 1149.75317383, 179.097396851, 440.3465271, 968.462158203, 1135.19836426, 3503.20629883, 2741.33618164, 9353.02539062, 2105.70532227, 6390.57470703, 9572.75097656, 3649.62280273, 10476.7021484, 4437.43115234, 3964.52661133, 4400.06152344, 3077.08447266, 700.62701416, 510.380737305, 339.694000244, 184.98500061, 180.309295654, 198.292877197, 139.531265259, 106.232131958, 31.535446167, 0.783437669277, 0.000592797936406, 1.71640556346e-06, 2.85105841158e-08, 1.31260458058e-09, 2.07190667401e-10, 2.94216095931e-10]
    },
    "gfcc": {
        "mean": [-23.0046806335, 108.340805054, -181.578887939, 46.7265052795, -84.2781066895, 19.692565918, -36.3676605225, -8.75782299042, -11.4574584961, -28.7050189972, 5.37947130203, -21.3092727661, 2.25632238388],
        "cov": [[10027.2050781, -400.920074463, -613.580871582, 155.457458496, -438.257720947, 122.637992859, -102.655395508, 169.096221924, -235.060134888, -252.166870117, -100.659187317, 102.332000732, 158.636428833], [-400.920074463, 787.139465332, 195.150146484, -128.952087402, 104.008148193, -35.6851348877, 148.132659912, -41.6506004333, 31.7747325897, -18.8206634521, 81.0563430786, 8.10787582397, 6.77507734299], [-613.580871582, 195.150146484, 498.233001709, 171.597915649, -8.54983901978, 1.78231334686, 40.4933433533, 1.20371949673, -36.1288337708, 12.3556680679, 23.3256912231, 4.24081754684, -17.2945232391], [155.457458496, -128.952087402, 171.597915649, 355.683380127, 42.7093162537, -17.0051326752, -62.2266120911, -14.460776329, -7.50214481354, 35.3788833618, -27.8845787048, -39.4165763855, -21.9259853363], [-438.257720947, 104.008148193, -8.54983901978, 42.7093162537, 259.093688965, 68.1709136963, 40.7639579773, 23.9666118622, 86.5014648438, 43.3893318176, 11.3601903915, -17.3395271301, 1.92728233337], [122.637992859, -35.6851348877, 1.78231334686, -17.0051326752, 68.1709136963, 188.825805664, 75.529548645, 85.8046112061, 33.2317581177, 11.7567529678, 14.6276111603, 20.0893592834, 11.4677467346], [-102.655395508, 148.132659912, 40.4933433533, -62.2266120911, 40.7639579773, 75.529548645, 167.936599731, 81.767791748, 24.169500351, -15.1871423721, 38.6024665833, 42.1481933594, 18.0135860443], [169.096221924, -41.6506004333, 1.20371949673, -14.460776329, 23.9666118622, 85.8046112061, 81.767791748, 162.889953613, 48.2429389954, -22.0478744507, 19.991815567, 51.7576789856, 21.8745765686], [-235.060134888, 31.7747325897, -36.1288337708, -7.50214481354, 86.5014648438, 33.2317581177, 24.169500351, 48.2429389954, 114.57195282, 42.6055183411, 17.5236568451, 7.35466861725, -3.66702079773], [-252.166870117, -18.8206634521, 12.3556680679, 35.3788833618, 43.3893318176, 11.7567529678, -15.1871423721, -22.0478744507, 42.6055183411, 94.4621429443, 27.9309940338, -22.02252388, -7.29470014572], [-100.659187317, 81.0563430786, 23.3256912231, -27.8845787048, 11.3601903915, 14.6276111603, 38.6024665833, 19.991815567, 17.5236568451, 27.9309940338, 64.8108291626, 32.7048301697, 4.47587680817], [102.332000732, 8.10787582397, 4.24081754684, -39.4165763855, -17.3395271301, 20.0893592834, 42.1481933594, 51.7576789856, 7.35466861725, -22.02252388, 32.7048301697, 79.550453186, 37.6735153198], [158.636428833, 6.77507734299, -17.2945232391, -21.9259853363, 1.92728233337, 11.4677467346, 18.0135860443, 21.8745765686, -3.66702079773, -7.29470014572, 4.47587680817, 37.6735153198, 57.4506454468]],
        "icov": [[0.00017512254999, -0.000274892547168, 0.000480828894069, -0.000463454925921, 0.000436202768469, -0.000373622751795, 0.000270073098363, -0.000340986036463, 0.000374331400963, 6.69850196573e-05, 0.000152601220179, -0.000135979571496, -0.00026849846472], [-0.000274892547168, 0.0045877113007, -0.00300951395184, 0.00224101729691, -0.00185673614033, 0.00185074540786, -0.00317890243605, 0.00427189422771, -0.0046969181858, 0.00677416101098, -0.0084982207045, 0.00693102041259, -0.00409222068265], [0.000480828894069, -0.00300951395184, 0.00543674640357, -0.00377525552176, 0.00203402712941, -0.00159667315893, 0.000737057300285, -0.00267875380814, 0.00444022472948, -0.00395546620712, 0.00405307346955, -0.00480995420367, 0.00288190646097], [-0.000463454925921, 0.00224101729691, -0.00377525552176, 0.00643491512164, -0.00299898907542, 0.00213989452459, 0.000169653052581, 0.000344054074958, -0.00075071095489, -0.00060076371301, -0.000151747430209, 0.00203711469658, 0.000375889212592], [0.000436202768469, -0.00185673614033, 0.00203402712941, -0.00299898907542, 0.00814899709076, -0.00339651969261, 4.8565412726e-05, 0.000169947961695, -0.00378918810748, 0.000354782183422, 0.000148067687405, 0.00229565892369, -0.0029068258591], [-0.000373622751795, 0.00185074540786, -0.00159667315893, 0.00213989452459, -0.00339651969261, 0.00988030619919, -0.00364002189599, -0.00272143445909, 0.000771367689595, -0.00237089698203, 0.000408695836086, 0.000644366955385, 0.000762513722293], [0.000270073098363, -0.00317890243605, 0.000737057300285, 0.000169653052581, 4.8565412726e-05, -0.00364002189599, 0.0136334858835, -0.00609980989248, 0.00295253214426, -0.000841133703943, -0.00012082442845, -0.00316445669159, 0.000854663259815], [-0.000340986036463, 0.00427189422771, -0.00267875380814, 0.000344054074958, 0.000169947961695, -0.00272143445909, -0.00609980989248, 0.0180582366884, -0.0118447830901, 0.0122314561158, -0.00957842264324, 0.00351008377038, -0.00542143452913], [0.000374331400963, -0.0046969181858, 0.00444022472948, -0.00075071095489, -0.00378918810748, 0.000771367689595, 0.00295253214426, -0.0118447830901, 0.0254286304116, -0.0195047296584, 0.0153174763545, -0.015263531357, 0.012090023607], [6.69850196573e-05, 0.00677416101098, -0.00395546620712, -0.00060076371301, 0.000354782183422, -0.00237089698203, -0.000841133703943, 0.0122314561158, -0.0195047296584, 0.0399919077754, -0.0349226333201, 0.0281805265695, -0.0182617325336], [0.000152601220179, -0.0084982207045, 0.00405307346955, -0.000151747430209, 0.000148067687405, 0.000408695836086, -0.00012082442845, -0.00957842264324, 0.0153174763545, -0.0349226333201, 0.0564036220312, -0.0384084656835, 0.0226770415902], [-0.000135979571496, 0.00693102041259, -0.00480995420367, 0.00203711469658, 0.00229565892369, 0.000644366955385, -0.00316445669159, 0.00351008377038, -0.015263531357, 0.0281805265695, -0.0384084656835, 0.0524702481925, -0.0304736271501], [-0.00026849846472, -0.00409222068265, 0.00288190646097, 0.000375889212592, -0.0029068258591, 0.000762513722293, 0.000854663259815, -0.00542143452913, 0.012090023607, -0.0182617325336, 0.0226770415902, -0.0304736271501, 0.0380522310734]]
    },
    "melbands": {
        "dmean": [6.25142492936e-05, 0.000130860833451, 0.000490601116326, 0.000420006894274, 0.000183486059541, 0.000234258230194, 7.83050127211e-05, 0.000106799168861, 0.000123284815345, 7.06806749804e-05, 0.000106040402898, 7.670429477e-05, 0.000114816961286, 7.29539242457e-05, 8.47792980494e-05, 6.40088910586e-05, 6.20794235147e-05, 4.08475571021e-05, 5.92655342189e-05, 3.41761951859e-05, 2.40715562541e-05, 1.97340850718e-05, 3.46450251527e-05, 1.41566843013e-05, 1.65943511092e-05, 7.81318703957e-06, 8.09890207165e-06, 5.61415708944e-06, 5.15117790201e-06, 3.53997688762e-06, 3.0492303722e-06, 2.14703345591e-06, 2.09629115488e-06, 2.08957430914e-06, 1.83741485671e-06, 1.80198264843e-06, 1.52977690959e-06, 1.06063259864e-06, 5.84393660574e-07, 9.05310884036e-08],
        "dmean2": [9.15300915949e-05, 0.00019238961977, 0.000759377435315, 0.000667610147502, 0.000314579170663, 0.000379987439374, 0.000131393026095, 0.000172148487763, 0.000197181114345, 0.000114106398541, 0.000165871533682, 0.000125547099742, 0.000185530559975, 0.00011707188969, 0.000133514287882, 0.000108100677608, 9.48215310927e-05, 6.66078849463e-05, 8.98503058124e-05, 5.37196065125e-05, 3.73151269741e-05, 3.13921482302e-05, 5.22132468177e-05, 2.2861013349e-05, 2.67612085736e-05, 1.25987635329e-05, 1.28793672047e-05, 8.98702182894e-06, 8.34270394989e-06, 5.63238381801e-06, 4.71205839858e-06, 3.34208948516e-06, 3.19787795888e-06, 3.19872356158e-06, 2.91659557661e-06, 2.79459140984e-06, 2.29510897043e-06, 1.58278987783e-06, 8.89081093192e-07, 1.41114512076e-07],
        "dvar": [1.16594272015e-08, 3.65599319707e-08, 1.2286340052e-06, 8.91129616321e-07, 8.21200742962e-08, 2.1340959222e-07, 2.53639846903e-08, 4.31354933994e-08, 4.15845562429e-08, 1.26743486817e-08, 2.33170887043e-08, 1.03354755865e-08, 2.27574119549e-08, 1.13262466073e-08, 2.58049226431e-08, 1.21961676314e-08, 1.76733241375e-08, 5.94415183741e-09, 1.718132836e-08, 4.91264584568e-09, 2.34214292405e-09, 1.22900378763e-09, 6.43997166705e-09, 4.20722262584e-10, 1.15617937446e-09, 2.10434988879e-10, 3.55300400212e-10, 1.06488477758e-10, 9.94056295611e-11, 3.67777787391e-11, 3.81184007969e-11, 4.07374134426e-11, 3.32839519834e-11, 5.06508342213e-11, 3.69821812063e-11, 2.88042298346e-11, 2.75879614292e-11, 1.27570697062e-11, 2.86157230724e-12, 3.32969058141e-14],
        "dvar2": [2.41141151491e-08, 7.12804180125e-08, 2.71038015853e-06, 2.00670228878e-06, 2.24099835577e-07, 5.37852940852e-07, 6.7968443318e-08, 9.88407151681e-08, 9.90926309896e-08, 3.04358742653e-08, 5.99311960059e-08, 2.57153978112e-08, 6.2064501094e-08, 3.03343661301e-08, 5.22475431808e-08, 3.27999281069e-08, 3.83158607065e-08, 1.55308281791e-08, 3.58236071918e-08, 1.22162457927e-08, 5.12343456549e-09, 2.80228995564e-09, 1.23399255259e-08, 9.79897052389e-10, 2.61375965316e-09, 4.96287566598e-10, 9.30824806122e-10, 2.61273808144e-10, 2.47223436167e-10, 8.79910519447e-11, 9.02843702577e-11, 9.68884555919e-11, 6.90227250355e-11, 1.07783872105e-10, 8.25991566811e-11, 6.68777463964e-11, 6.39155603444e-11, 2.67404848264e-11, 6.47012001267e-12, 6.64143287349e-14],
        "max": [0.00182760693133, 0.00280372379348, 0.0178132206202, 0.0151187535375, 0.00358953443356, 0.00623132148758, 0.00191549269948, 0.00340228294954, 0.00303457817063, 0.0019604798872, 0.00176190608181, 0.00127136637457, 0.00155017909128, 0.00124878075439, 0.00239057349972, 0.00118728051893, 0.00298952590674, 0.000929962203372, 0.00205936958082, 0.000782021495979, 0.000708104635123, 0.000476176646771, 0.00211064424366, 0.000337608013069, 0.000544014852494, 0.000251470104558, 0.000300907093333, 0.000153204848175, 0.000125700826175, 0.000105081890069, 0.000113627167593, 0.000167333811987, 0.000159205592354, 0.000193529485841, 0.000115100287076, 9.87451421679e-05, 0.00011387559789, 9.49710592977e-05, 4.2424439016e-05, 3.87552017855e-06],
        "mean": [0.000133299923618, 0.000293869699817, 0.000637271441519, 0.000545804621652, 0.000287327333353, 0.000386126717785, 0.000117715586384, 0.000177655514563, 0.000239733955823, 0.000139369032695, 0.000258617423242, 0.000199730100576, 0.000316631922033, 0.000154451394337, 0.000157817325089, 9.4233029813e-05, 0.00010430272232, 6.09304697718e-05, 9.84231955954e-05, 5.01973700011e-05, 3.86663487006e-05, 3.59610021405e-05, 6.8290035415e-05, 2.63469592028e-05, 2.96300841001e-05, 1.4337749235e-05, 1.32992809085e-05, 1.02697986222e-05, 9.2893060355e-06, 6.85076292939e-06, 5.79713105253e-06, 3.84333634429e-06, 3.73204443349e-06, 3.57650924343e-06, 3.04749823954e-06, 3.20010349242e-06, 2.54786868936e-06, 1.76924413609e-06, 1.05946116946e-06, 1.51320392661e-07],
        "median": [3.57074313797e-05, 0.00013938358461, 0.000202620271011, 0.000151821528561, 0.000172486921656, 0.000133028122946, 4.95148196933e-05, 0.000101283381809, 0.000156748850713, 8.35825194372e-05, 0.000130093263579, 0.000152578242705, 0.000192398554645, 9.53588387347e-05, 6.2380975578e-05, 5.02487382619e-05, 3.53866125806e-05, 2.73646164715e-05, 2.72043944278e-05, 1.82542207767e-05, 1.48543467731e-05, 1.96940873138e-05, 3.56729724444e-05, 1.83349075087e-05, 1.29878608277e-05, 8.57184113556e-06, 6.93710308042e-06, 5.5739178606e-06, 4.81818960907e-06, 4.32099795944e-06, 3.43160672855e-06, 1.83245515473e-06, 2.06146341952e-06, 2.17790648094e-06, 1.4947714817e-06, 1.97724307327e-06, 1.49414552197e-06, 9.23049128687e-07, 6.30827116765e-07, 8.16370757661e-08],
        "min": [1.16745477794e-24, 2.87060330295e-24, 1.52747389513e-23, 8.72246342802e-24, 2.28812119008e-23, 1.39429098182e-23, 7.66811296287e-24, 2.62170758993e-23, 2.15367136615e-23, 6.14017064213e-24, 7.89717134848e-24, 1.37180939266e-23, 2.67682845682e-23, 1.07213643866e-23, 1.98064770336e-24, 3.99592995033e-24, 1.35654193647e-23, 2.14414839508e-23, 5.34271549178e-24, 1.13681806307e-23, 1.66397759731e-23, 7.84937032192e-24, 1.01819397219e-23, 7.86610837261e-24, 6.93405028043e-24, 1.024874283e-23, 8.24168978275e-24, 6.93161427795e-24, 1.20330326016e-23, 9.3885491774e-24, 5.57949090919e-24, 6.9070223281e-24, 8.77213326606e-24, 1.11314198072e-23, 1.05531800305e-23, 6.35100357981e-24, 6.12129832826e-24, 1.18359577925e-23, 1.19295001298e-23, 1.32238047274e-23],
        "var": [5.28833972169e-08, 1.61722525149e-07, 1.66552752034e-06, 1.17252909604e-06, 1.27386016402e-07, 4.70484565085e-07, 3.35132384066e-08, 7.27545312884e-08, 9.46674916236e-08, 3.61525458459e-08, 9.04938914914e-08, 4.09907237042e-08, 1.07806364724e-07, 2.82189756007e-08, 7.82610740657e-08, 1.58863997513e-08, 4.60679352443e-08, 9.03654928663e-09, 3.97986497092e-08, 8.07796851632e-09, 5.06872988026e-09, 2.70728572893e-09, 2.01805452349e-08, 9.55556855864e-10, 2.86408274874e-09, 3.54323126395e-10, 4.86920948006e-10, 2.08529526979e-10, 1.70204975114e-10, 7.19136486471e-11, 6.66254759696e-11, 6.00616015256e-11, 5.62919606761e-11, 6.78134284837e-11, 5.203492498e-11, 4.09765207876e-11, 3.84490599081e-11, 2.17036354166e-11, 4.50840103097e-12, 6.82260644464e-14]
    },
    "mfcc": {
        "mean": [-625.438964844, 100.427154541, -23.9651298523, 6.87442159653, -9.4937286377, 3.26561522484, -4.39521837234, 7.450922966, -11.0659418106, -1.4721019268, -9.6229057312, 1.35083043575, -10.9237785339],
        "cov": [[8039.12109375, -391.745147705, -285.326873779, -57.1899375916, -244.033248901, -123.98348999, 8.13552474976, 255.377487183, 33.0164337158, -99.5602264404, -314.199859619, -55.1746635437, -68.383895874], [-391.745147705, 901.57232666, 17.625585556, -80.5103378296, -37.5721282959, 18.6848278046, 86.336265564, 55.7765769958, 3.39299368858, -27.9074726105, 58.0231971741, 46.0703353882, 16.2653503418], [-285.326873779, 17.625585556, 458.066650391, 151.1771698, -14.4286804199, 4.45916604996, 57.9185066223, 7.91230010986, -27.5109405518, -31.9252319336, -14.1682405472, 12.8471193314, 12.018409729], [-57.1899375916, -80.5103378296, 151.1771698, 322.640716553, 83.2692947388, 29.7563457489, -28.5223026276, -71.3656692505, -28.392282486, 17.8957767487, -7.54334402084, -16.7347717285, 1.55042636395], [-244.033248901, -37.5721282959, -14.4286804199, 83.2692947388, 197.259002686, 75.7750167847, -5.32033538818, -9.73414039612, 37.2074928284, 59.602016449, 42.6199417114, 2.73566794395, 16.9931468964], [-123.98348999, 18.6848278046, 4.45916604996, 29.7563457489, 75.7750167847, 126.126693726, 28.694108963, -19.9198722839, 12.9264125824, 47.4549674988, 35.3138427734, 8.11009693146, 6.02317047119], [8.13552474976, 86.336265564, 57.9185066223, -28.5223026276, -5.32033538818, 28.694108963, 143.640075684, 81.6931610107, 37.19581604, 0.655092716217, 21.2763996124, 20.504026413, 18.1504306793], [255.377487183, 55.7765769958, 7.91230010986, -71.3656692505, -9.73414039612, -19.9198722839, 81.6931610107, 202.457595825, 80.5019836426, 5.19064760208, 3.61542034149, 49.7367706299, 35.1229248047], [33.0164337158, 3.39299368858, -27.5109405518, -28.392282486, 37.2074928284, 12.9264125824, 37.19581604, 80.5019836426, 99.7526702881, 29.5342693329, 7.77120494843, 23.0362529755, 27.2187175751], [-99.5602264404, -27.9074726105, -31.9252319336, 17.8957767487, 59.602016449, 47.4549674988, 0.655092716217, 5.19064760208, 29.5342693329, 99.4277114868, 50.1443786621, 15.2781572342, 8.26568508148], [-314.199859619, 58.0231971741, -14.1682405472, -7.54334402084, 42.6199417114, 35.3138427734, 21.2763996124, 3.61542034149, 7.77120494843, 50.1443786621, 100.177093506, 28.950592041, 6.70012569427], [-55.1746635437, 46.0703353882, 12.8471193314, -16.7347717285, 2.73566794395, 8.11009693146, 20.504026413, 49.7367706299, 23.0362529755, 15.2781572342, 28.950592041, 72.3302536011, 28.5221939087], [-68.383895874, 16.2653503418, 12.018409729, 1.55042636395, 16.9931468964, 6.02317047119, 18.1504306793, 35.1229248047, 27.2187175751, 8.26568508148, 6.70012569427, 28.5221939087, 65.1779937744]],
