{
"lowlevel": {
    "average_loudness": 0.961019396782,
    "barkbands_crest": {
        "dmean": 2.82880187035,
        "dmean2": 4.55911588669,
        "dvar": 6.84866523743,
        "dvar2": 16.0847949982,
        "max": 25.2856807709,
        "mean": 12.0461215973,
        "median": 11.3496856689,
        "min": 2.61627316475,
        "var": 18.1750926971
    },
    "barkbands_flatness_db": {
        "dmean": 0.0271282251924,
        "dmean2": 0.0414267480373,
        "dvar": 0.000539850851055,
        "dvar2": 0.00123570358846,
        "max": 0.401551693678,
        "mean": 0.198743477464,
        "median": 0.195617243648,
        "min": 0.0604162923992,
        "var": 0.00210056058131
    },
    "barkbands_kurtosis": {
        "dmean": 5.05302858353,
        "dmean2": 7.50709867477,
        "dvar": 48.0459709167,
        "dvar2": 103.82963562,
        "max": 91.3169403076,
        "mean": 9.78025722504,
        "median": 6.11205005646,
        "min": -1.89379036427,
        "var": 126.061912537
    },
    "barkbands_skewness": {
        "dmean": 0.668343603611,
        "dmean2": 0.968144834042,
        "dvar": 0.464050382376,
        "dvar2": 0.963777601719,
        "max": 8.76120567322,
        "mean": 2.29252934456,
        "median": 2.20939397812,
        "min": -3.34801268578,
        "var": 1.94874179363
    },
    "barkbands_spread": {
        "dmean": 6.69856882095,
        "dmean2": 9.8018321991,
        "dvar": 95.6532669067,
        "dvar2": 186.218093872,
        "max": 102.127868652,
        "mean": 19.285861969,
        "median": 14.3279123306,
        "min": 1.80330181122,
        "var": 283.812774658
    },
    "dissonance": {
        "dmean": 0.0256620943546,
        "dmean2": 0.0419800840318,
        "dvar": 0.000697536685038,
        "dvar2": 0.00158492499031,
        "max": 0.499999910593,
        "mean": 0.444631397724,
        "median": 0.451811760664,
        "min": 0,
        "var": 0.00163737195544
    },
    "dynamic_complexity": 2.96134066582,
    "erbbands_crest": {
        "dmean": 3.10572528839,
        "dmean2": 4.94081068039,
        "dvar": 8.11954402924,
        "dvar2": 18.6402645111,
        "max": 28.2021102905,
        "mean": 10.8656616211,
        "median": 10.0454978943,
        "min": 2.00670647621,
        "var": 24.9505767822
    },
    "erbbands_flatness_db": {
        "dmean": 0.0180761702359,
        "dmean2": 0.0258348286152,
        "dvar": 0.000275769241853,
        "dvar2": 0.000518871762324,
        "max": 0.308251976967,
        "mean": 0.172896638513,
        "median": 0.169752165675,
        "min": 0.0962671563029,
        "var": 0.00141445931513
    },
    "erbbands_kurtosis": {
        "dmean": 1.57797467709,
        "dmean2": 2.40217494965,
        "dvar": 3.84089159966,
        "dvar2": 8.02592277527,
        "max": 16.8621234894,
        "mean": 1.7323666811,
        "median": 0.782940626144,
        "min": -1.77753472328,
        "var": 9.77411937714
    },
    "erbbands_skewness": {
        "dmean": 0.489023476839,
        "dmean2": 0.700692892075,
        "dvar": 0.213290214539,
        "dvar2": 0.413522332907,
        "max": 3.86542868614,
        "mean": 0.94466650486,
        "median": 1.0001065731,
        "min": -2.6462199688,
        "var": 1.01244413853
    },
    "erbbands_spread": {
        "dmean": 12.444103241,
        "dmean2": 18.2511024475,
        "dvar": 177.263244629,
        "dvar2": 384.015411377,
        "max": 154.434631348,
        "mean": 47.494468689,
        "median": 42.9486351013,
        "min": 6.87895345688,
        "var": 619.524780273
    },
    "hfc": {
        "dmean": 8.28930854797,
        "dmean2": 11.7805728912,
        "dvar": 171.925857544,
        "dvar2": 325.229492188,
        "max": 236.505950928,
        "mean": 23.6512489319,
        "median": 17.8116016388,
        "min": 1.21416481986e-16,
        "var": 538.900939941
    },
    "melbands_crest": {
        "dmean": 3.41208171844,
        "dmean2": 5.59668397903,
        "dvar": 9.17732524872,
        "dvar2": 23.9078998566,
        "max": 31.8129444122,
        "mean": 15.1636838913,
        "median": 14.2688322067,
        "min": 2.24509167671,
        "var": 24.1739177704
    },
    "melbands_flatness_db": {
        "dmean": 0.0299728903919,
        "dmean2": 0.0413579456508,
        "dvar": 0.000771618040744,
        "dvar2": 0.00149617076386,
        "max": 0.453364640474,
        "mean": 0.222737148404,
        "median": 0.221990197897,
        "min": 0.00607000105083,
        "var": 0.00396089628339
    },
    "melbands_kurtosis": {
        "dmean": 13.4083204269,
        "dmean2": 20.1720523834,
        "dvar": 389.213684082,
        "dvar2": 870.681335449,
        "max": 230.572433472,
        "mean": 28.1738624573,
        "median": 18.7314777374,
        "min": -1.42926359177,
        "var": 927.813598633
    },
    "melbands_skewness": {
        "dmean": 0.949300706387,
        "dmean2": 1.40847396851,
        "dvar": 1.09983098507,
        "dvar2": 2.41603517532,
        "max": 13.5495691299,
        "mean": 3.53796601295,
        "median": 3.27631211281,
        "min": -1.39731931686,
        "var": 4.23967313766
    },
    "melbands_spread": {
        "dmean": 6.49717521667,
        "dmean2": 9.52038574219,
        "dvar": 121.6692276,
        "dvar2": 250.124923706,
        "max": 145.338943481,
        "mean": 17.4908504486,
        "median": 12.3342533112,
        "min": 1.52678000927,
        "var": 332.950195312
    },
    "pitch_salience": {
        "dmean": 0.0716840997338,
        "dmean2": 0.113848537207,
        "dvar": 0.00451228255406,
        "dvar2": 0.0108689721674,
        "max": 0.960804522038,
        "mean": 0.530146539211,
        "median": 0.525091350079,
        "min": 0.180433183908,
        "var": 0.0106053678319
    },
    "silence_rate_20dB": {
        "dmean": 0,
        "dmean2": 0,
        "dvar": 0,
        "dvar2": 0,
        "max": 1,
        "mean": 1,
        "median": 1,
        "min": 1,
        "var": 0
    },
    "silence_rate_30dB": {
        "dmean": 0,
        "dmean2": 0,
        "dvar": 0,
        "dvar2": 0,
        "max": 1,
        "mean": 1,
        "median": 1,
        "min": 1,
        "var": 0
    },
    "silence_rate_60dB": {
        "dmean": 0.00927357003093,
        "dmean2": 0.0185614842921,
        "dvar": 0.00918759126216,
        "dvar2": 0.0213105548173,
        "max": 1,
        "mean": 0.0501930490136,
        "median": 0,
        "min": 0,
        "var": 0.0476739779115
    },
    "spectral_centroid": {
        "dmean": 281.346710205,
        "dmean2": 407.698028564,
        "dvar": 191475.1875,
        "dvar2": 292998.6875,
        "max": 10993.71875,
        "mean": 1026.50976562,
        "median": 848.195068359,
        "min": 195.956893921,
        "var": 566976.25
    },
    "spectral_complexity": {
        "dmean": 4.00463676453,
        "dmean2": 6.08043289185,
        "dvar": 22.0032157898,
        "dvar2": 44.9525222778,
        "max": 53,
        "mean": 14.6864862442,
        "median": 13,
        "min": 0,
        "var": 76.6586227417
    },
    "spectral_decrease": {
        "dmean": 2.6331139491e-09,
        "dmean2": 4.19126378048e-09,
        "dvar": 8.76271713957e-18,
        "dvar2": 2.10294788874e-17,
        "max": -1.13688872398e-28,
        "mean": -9.28327370531e-09,
        "median": -9.3298675452e-09,
        "min": -2.7838048311e-08,
        "var": 2.95849351711e-17
    },
    "spectral_energy": {
        "dmean": 0.0104192309082,
        "dmean2": 0.0165026579052,
        "dvar": 0.000134320696816,
        "dvar2": 0.000321185856592,
        "max": 0.111366122961,
        "mean": 0.0371824465692,
        "median": 0.0373347103596,
        "min": 1.14419168542e-20,
        "var": 0.000457676040241
    },
    "spectral_energyband_high": {
        "dmean": 0.000712830806151,
        "dmean2": 0.000978235155344,
        "dvar": 2.30698310588e-06,
        "dvar2": 3.97734356739e-06,
        "max": 0.0313619077206,
        "mean": 0.00131824915297,
        "median": 0.000522176269442,
        "min": 7.89033934603e-21,
        "var": 7.112482308e-06
    },
    "spectral_energyband_low": {
        "dmean": 0.00451987842098,
        "dmean2": 0.00737869972363,
        "dvar": 6.38026758679e-05,
        "dvar2": 0.000155807676492,
        "max": 0.0775464698672,
        "mean": 0.0112740825862,
        "median": 0.00839817617089,
        "min": 1.24733272695e-22,
        "var": 0.000125648803078
    },
    "spectral_energyband_middle_high": {
        "dmean": 0.00188128266018,
        "dmean2": 0.00281056994572,
        "dvar": 1.42825056173e-05,
        "dvar2": 3.17119192914e-05,
        "max": 0.0593705922365,
        "mean": 0.00410656025633,
        "median": 0.00204782676883,
        "min": 1.81555380606e-21,
        "var": 3.47666100424e-05
    },
    "spectral_energyband_middle_low": {
        "dmean": 0.00751981278881,
        "dmean2": 0.0122379362583,
        "dvar": 7.80183981988e-05,
        "dvar2": 0.000184479577001,
        "max": 0.0807093754411,
        "mean": 0.0213992074132,
        "median": 0.0211911350489,
        "min": 3.89081496046e-22,
        "var": 0.000228568300372
    },
    "spectral_entropy": {
        "dmean": 0.228502318263,
        "dmean2": 0.307436406612,
        "dvar": 0.0469346418977,
        "dvar2": 0.0781939923763,
        "max": 9.79740333557,
        "mean": 7.43500328064,
        "median": 7.43970012665,
        "min": 5.96764755249,
        "var": 0.230981513858
    },
    "spectral_flux": {
        "dmean": 0.0310609210283,
        "dmean2": 0.0495439767838,
        "dvar": 0.000863041263074,
        "dvar2": 0.00202356209047,
        "max": 0.243949845433,
        "mean": 0.0933207198977,
        "median": 0.0855135023594,
        "min": 1.06966893676e-10,
        "var": 0.00238104374148
    },
    "spectral_kurtosis": {
        "dmean": 1.18173503876,
        "dmean2": 1.89770829678,
        "dvar": 1.48938643932,
        "dvar2": 3.45454668999,
        "max": 12.0621767044,
        "mean": 2.1781437397,
        "median": 1.69549846649,
        "min": -1.24062085152,
        "var": 4.16081142426
    },
    "spectral_rms": {
        "dmean": 0.000835215672851,
        "dmean2": 0.00130481063388,
        "dvar": 7.4911270076e-07,
        "dvar2": 1.65437120359e-06,
        "max": 0.0104235252365,
        "mean": 0.00567839248106,
        "median": 0.00603523850441,
        "min": 3.34108457047e-12,
        "var": 4.03140438721e-06
    },
    "spectral_rolloff": {
        "dmean": 482.850280762,
        "dmean2": 790.901123047,
        "dvar": 1384723.375,
        "dvar2": 2635623.25,
        "max": 19272.2167969,
        "mean": 1128.32263184,
        "median": 581.396484375,
        "min": 64.599609375,
        "var": 2959646.75
    },
    "spectral_skewness": {
        "dmean": 0.239837735891,
        "dmean2": 0.334830164909,
        "dvar": 0.0451387949288,
        "dvar2": 0.0881017446518,
        "max": 2.90200543404,
        "mean": 1.28578948975,
        "median": 1.26594185829,
        "min": -0.00584182795137,
        "var": 0.221507355571
    },
    "spectral_spread": {
        "dmean": 578213.625,
        "dmean2": 815766.9375,
        "dvar": 1.37731230925e+12,
        "dvar2": 1.37062921011e+12,
        "max": 42795380,
        "mean": 5370311.5,
        "median": 5219899.5,
        "min": 2976264.75,
        "var": 2.75898014106e+12
    },
    "spectral_strongpeak": {
        "dmean": 0.529367685318,
        "dmean2": 0.889480113983,
        "dvar": 0.797327816486,
        "dvar2": 1.98017251492,
        "max": 11.0072231293,
        "mean": 1.15532767773,
        "median": 0.777063667774,
        "min": 0,
        "var": 1.61556410789
    },
    "zerocrossingrate": {
        "dmean": 0.0123413652182,
        "dmean2": 0.013702086173,
        "dvar": 0.000321690662531,
        "dvar2": 0.000296719488688,
        "max": 0.50244140625,
        "mean": 0.055028732866,
        "median": 0.04541015625,
        "min": 0.00048828125,
        "var": 0.0016531253932
    },
    "barkbands": {
        "dmean": [0.000232574835536, 0.00349994236603, 0.00189493759535, 0.00139854254667, 0.00507017690688, 0.00149270973634, 0.00109094625805, 0.00110771192703, 0.000851982971653, 0.000682867190335, 0.000324083986925, 0.000474067142932, 0.000185616780072, 0.000329908536514, 0.000320037856, 0.000129412714159, 0.000144175544847, 0.00010096119513, 0.000141892931424, 0.000144255522173, 0.000138122442877, 0.000144484452903, 0.000172495056177, 0.000230990801356, 7.60529728723e-05, 1.39160916124e-09, 1.4640900714e-09],
        "dmean2": [0.000359586789273, 0.00598608702421, 0.00318575487472, 0.00241080275737, 0.00822613481432, 0.0024184784852, 0.00175619008951, 0.00162615615409, 0.0011820505606, 0.000998744624667, 0.000486177857965, 0.000711615313776, 0.00030055604293, 0.000545156537555, 0.000518023502082, 0.000213722407352, 0.000232624661294, 0.000157324378961, 0.000217679000343, 0.000223326962441, 0.000208605430089, 0.000218148212298, 0.000237386819208, 0.000328425987391, 0.000119209274999, 2.55246823677e-09, 2.68984101659e-09],
        "dvar": [2.37907173073e-07, 4.33154164057e-05, 2.6301255275e-05, 7.78683715907e-06, 4.76564200653e-05, 1.28821593535e-05, 7.00843611412e-06, 5.08215271111e-06, 4.70742543257e-06, 5.14397470397e-06, 5.7009270904e-07, 2.56177895608e-06, 4.18520187395e-07, 3.23643234879e-06, 1.53707662776e-06, 2.29177487654e-07, 1.60443192954e-07, 4.11455687299e-08, 1.21928962926e-07, 6.28537932812e-08, 1.34306347377e-07, 1.37586056326e-07, 2.68327397634e-07, 2.82140405261e-07, 2.66027200269e-08, 3.92327545913e-18, 4.32525876705e-18],
        "dvar2": [4.86357521368e-07, 0.000116583760246, 6.71458037687e-05, 2.05604774237e-05, 0.000116595940199, 3.06854999508e-05, 1.80948463822e-05, 1.04813925645e-05, 7.59191743782e-06, 8.69921950652e-06, 1.17460263027e-06, 5.85230236538e-06, 1.03452168787e-06, 9.22772687773e-06, 3.55718043465e-06, 5.86947976444e-07, 3.96720281515e-07, 9.17051252713e-08, 3.12654634627e-07, 1.5272681253e-07, 2.7514764156e-07, 3.30801555037e-07, 4.44407788791e-07, 5.60503167435e-07, 6.74243239018e-08, 1.2460559412e-17, 1.3717502539e-17],
        "max": [0.00568926054984, 0.060803052038, 0.0493706911802, 0.0243818089366, 0.0696867927909, 0.0534108616412, 0.0470430105925, 0.0277227479964, 0.0375728756189, 0.0554409064353, 0.0111067220569, 0.0348048508167, 0.0148529019207, 0.0349500030279, 0.0213367454708, 0.0109504796565, 0.00782554037869, 0.00417298777029, 0.00788181647658, 0.00358757865615, 0.00835359096527, 0.0057630809024, 0.0146326702088, 0.00913730636239, 0.0028105948586, 1.47395065042e-08, 1.53783012991e-08],
        "mean": [0.000368907203665, 0.00787518173456, 0.00235366169363, 0.00170231342781, 0.0107560297474, 0.00273841526359, 0.00172635435592, 0.00208957283758, 0.00190104090143, 0.00102365482599, 0.000604403030593, 0.000865284644533, 0.000245913310209, 0.000331966555677, 0.00039686911623, 0.000165562349139, 0.00020399208006, 0.000143241370097, 0.000233292666962, 0.000240447188844, 0.000222999529797, 0.000208018900594, 0.000261276145466, 0.000404250255087, 0.00011978718976, 1.13293530113e-09, 1.16850240595e-09],
        "median": [0.00023581100686, 0.00507637439296, 0.00108549103606, 0.000819554261398, 0.00649871537462, 0.00104120909236, 0.000600215222221, 0.000303775246721, 0.000262443965767, 0.000239428467466, 0.000103599311842, 0.000138142815558, 8.77920174389e-05, 7.92744758655e-05, 8.52934026625e-05, 4.27849190601e-05, 6.8561428634e-05, 5.7381876104e-05, 0.000108552427264, 0.000110180706542, 7.93534709373e-05, 6.23183732387e-05, 7.88816178101e-05, 0.000147288970766, 5.09826786583e-05, 4.29807911484e-10, 4.20672940926e-10],
        "min": [7.30711254216e-23, 6.36144123511e-23, 2.11628014811e-23, 1.41121662363e-23, 2.06004604071e-23, 6.58228568542e-23, 3.86822488714e-23, 1.44924767098e-22, 8.07103660753e-23, 7.86333142445e-23, 9.89329520117e-23, 7.25789645691e-23, 1.27564425064e-22, 1.30022364183e-22, 1.40591863379e-22, 2.6638073294e-22, 1.22898697774e-22, 3.25604244518e-22, 3.5483874809e-22, 4.78287300847e-22, 5.79253469267e-22, 5.5567897327e-22, 7.59727527307e-22, 8.4417088416e-22, 1.00843040485e-21, 1.53774006785e-21, 2.57238428271e-21],
        "var": [3.58955247748e-07, 7.55263099563e-05, 2.20564979827e-05, 7.96128188085e-06, 0.000133745430503, 2.61628465523e-05, 1.00752931758e-05, 1.80866682058e-05, 2.5005569114e-05, 9.20534512261e-06, 2.24671885007e-06, 7.36472793506e-06, 5.26920530319e-07, 2.35459651776e-06, 1.93798064174e-06, 2.46955750072e-07, 2.15687094851e-07, 7.11372365458e-08, 1.86272814062e-07, 1.31031043793e-07, 3.4043011965e-07, 2.18510137984e-07, 6.24718211384e-07, 7.98329324425e-07, 5.47097904757e-08, 3.20859720015e-18, 3.51883294325e-18]
    },
    "erbbands": {
        "dmean": [0.119164340198, 0.754873156548, 1.86083829403, 3.32682847977, 10.0198698044, 21.2456741333, 14.5994768143, 12.7744808197, 14.5579566956, 20.31224823, 21.1317939758, 19.4560394287, 23.6569805145, 13.3390798569, 16.3394203186, 17.7147541046, 8.61693572998, 16.5138492584, 10.2928962708, 16.5429954529, 7.02335977554, 7.25425481796, 5.491127491, 6.18101167679, 7.70031070709, 6.46014595032, 5.2156701088, 5.35221290588, 5.05694198608, 5.23396682739, 4.90935897827, 4.29167461395, 4.28111076355, 1.49786996841, 0.0413341037929, 0.00164552172646, 0.000162392505445, 2.80860604107e-05, 1.03614665932e-05, 1.31941606014e-05],
        "dmean2": [0.194417819381, 1.29086816311, 2.98343276978, 5.5981554985, 16.5793228149, 34.0807228088, 22.5931282043, 20.8538017273, 23.5451755524, 30.5562705994, 31.0445919037, 25.9473667145, 31.571149826, 19.9321250916, 23.8644142151, 26.2084846497, 13.8437547684, 27.1484012604, 16.5359363556, 26.1039791107, 11.3269138336, 11.5684432983, 8.58626556396, 9.61954307556, 11.6565704346, 9.86705493927, 7.8487830162, 8.01571273804, 7.95653867722, 7.34874010086, 6.870262146, 6.08215761185, 6.24848842621, 2.27529263496, 0.0627463757992, 0.00246810005046, 0.000238361768425, 4.01974029955e-05, 1.50560672409e-05, 2.04044954444e-05],
        "dvar": [0.0502182431519, 2.47935152054, 19.9914836884, 59.4348144531, 268.786071777, 1069.28771973, 789.593994141, 1292.48742676, 1666.81726074, 2004.63867188, 2335.21337891, 2645.13720703, 3772.82348633, 1422.9420166, 1440.8494873, 4322.12109375, 951.291442871, 6658.75292969, 1095.70471191, 5713.44677734, 567.789306641, 414.798675537, 114.100212097, 178.676315308, 312.646697998, 135.09262085, 177.763336182, 183.276550293, 192.098754883, 205.330688477, 231.661483765, 132.09513855, 99.8350524902, 10.086098671, 0.00770545843989, 1.19351616377e-05, 1.12077920278e-07, 3.28841687214e-09, 2.5519511504e-10, 2.13147929862e-10],
        "dvar2": [0.126976147294, 6.6235499382, 47.642288208, 153.882827759, 679.168334961, 2558.22827148, 1689.87878418, 3227.89428711, 4519.37744141, 4014.3815918, 4776.10791016, 4712.63964844, 5825.74462891, 3059.42773438, 2694.29223633, 9901.8828125, 2402.77319336, 19178.9960938, 2946.96826172, 12837.7451172, 1419.88269043, 1061.08947754, 246.97354126, 448.438415527, 790.440246582, 323.752227783, 340.668395996, 368.979675293, 487.448181152, 425.195953369, 347.597229004, 251.534240723, 220.680587769, 23.4529838562, 0.0184488687664, 2.56112816714e-05, 2.19273161406e-07, 6.04581984476e-09, 4.71409133951e-10, 4.82567208415e-10],
        "max": [2.2189450264, 16.6662559509, 42.3580589294, 78.7433624268, 180.414123535, 350.623046875, 419.152618408, 620.931274414, 815.690063477, 1008.94421387, 711.321289062, 1075.99206543, 1613.64343262, 784.460876465, 713.94354248, 1525.65356445, 799.714111328, 1319.53869629, 620.387939453, 1421.8626709, 600.667236328, 442.947753906, 201.252731323, 243.371704102, 390.605163574, 184.834396362, 286.572540283, 285.5574646, 193.757156372, 358.219665527, 442.295227051, 201.447113037, 172.264083862, 69.7515640259, 1.92939829826, 0.0783226788044, 0.0074759433046, 0.00120885483921, 0.000293748948025, 0.000157101429068],
        "mean": [0.274865061045, 1.58055853844, 2.64456868172, 4.58803367615, 18.6529006958, 42.1932907104, 29.2131938934, 21.8669815063, 22.4635715485, 38.2274169922, 43.9338302612, 42.692489624, 44.0497055054, 22.7684116364, 31.8710899353, 32.6807174683, 12.7320556641, 18.1707248688, 13.2835865021, 21.2284469604, 10.4792022705, 10.4670057297, 8.19797706604, 9.64130783081, 13.6478662491, 11.0062246323, 8.87326622009, 8.47651958466, 7.30432796478, 7.53046417236, 7.55541658401, 7.12859010696, 7.47374725342, 2.62357378006, 0.0716863796115, 0.00304716592655, 0.00031820347067, 5.58009523957e-05, 3.12845077133e-05, 4.69145379611e-05],
        "median": [0.204951882362, 0.866034030914, 1.39357328415, 2.7304725647, 7.58115100861, 19.7711658478, 10.6348047256, 9.12559318542, 9.58767414093, 8.23505115509, 8.74816036224, 7.75454616547, 11.8640632629, 6.50501441956, 7.59995508194, 6.46704435349, 4.89941930771, 4.58298778534, 4.35280609131, 3.98749017715, 3.02371716499, 3.82660484314, 3.53015422821, 4.38278150558, 6.23295927048, 5.04614496231, 3.27496814728, 3.05374598503, 2.26685142517, 2.20391559601, 2.24642038345, 2.121519804, 2.96047377586, 1.18706560135, 0.0320692025125, 0.00138466747012, 0.00014548515901, 2.59442895185e-05, 2.59260832536e-05, 4.71835737699e-05],
        "min": [2.01428273654e-21, 1.39970688807e-20, 3.00814375642e-20, 3.34056567262e-20, 4.04748747192e-20, 1.10318894022e-19, 2.51125106333e-19, 6.27414995357e-19, 6.28539133809e-19, 8.60595452277e-19, 3.56231824164e-18, 2.03917764018e-18, 2.47353762446e-18, 2.4628481762e-18, 3.73091543486e-18, 3.794097558e-18, 5.48501024001e-18, 4.29493887529e-18, 1.24496464182e-17, 6.15471096678e-18, 1.39989614957e-17, 8.69116270786e-18, 1.82596712237e-17, 2.21485037093e-17, 1.07592482425e-17, 2.41515215626e-17, 2.3729727279e-17, 2.11517510712e-17, 1.95279442435e-17, 1.70722997765e-17, 2.34932082177e-17, 1.72393720623e-17, 1.41143333389e-17, 1.17534523372e-17, 7.10987958115e-18, 6.41236366552e-18, 3.0425311796e-18, 1.16198475722e-18, 3.08213131405e-19, 3.97550821835e-20],
        "var": [0.0848905444145, 3.93332862854, 21.0888233185, 53.4096870422, 679.09777832, 2962.44287109, 2413.20336914, 2066.22436523, 1636.37341309, 6019.4375, 9418.38476562, 13800.8896484, 11806.828125, 2409.52685547, 5309.94189453, 10397.1533203, 1102.46533203, 5564.92919922, 1121.40319824, 7637.3515625, 786.627746582, 487.118499756, 203.712860107, 244.296218872, 603.025268555, 279.844970703, 513.512573242, 414.089324951, 272.961090088, 391.026947021, 582.337341309, 339.513153076, 240.948577881, 25.3205604553, 0.0188256129622, 3.32976669597e-05, 3.42242998386e-07, 1.05251389826e-08, 8.62670823665e-10, 7.41589345488e-10]
    },
    "gfcc": {
        "mean": [-14.997303009, 117.381988525, -116.332565308, 61.1961097717, -85.9582977295, 26.6649436951, -40.1077384949, 1.98923122883, -14.216588974, -17.9162006378, 9.05553627014, -21.2660160065, 11.2342777252],
        "cov": [[7833.58886719, -283.638244629, -649.580688477, 148.7628479, -295.880218506, 124.389282227, -72.0598297119, 209.57875061, 5.30179786682, 84.6768722534, -21.6948680878, -21.7887554169, -26.141242981], [-283.638244629, 897.00793457, 203.773742676, -126.727615356, 147.645401001, -74.560295105, 206.99407959, 67.0386505127, 25.8821716309, -37.5178108215, 121.80947876, -42.9474601746, 75.2523269653], [-649.580688477, 203.773742676, 648.582641602, 214.998382568, 128.412704468, 61.9996032715, 27.9556789398, 22.2421760559, -12.7112150192, 13.7630519867, 63.2774658203, 17.0297412872, 12.1142292023], [148.7628479, -126.727615356, 214.998382568, 470.903656006, 162.090530396, 78.9476013184, -36.5645484924, -25.1115036011, 84.8924407959, 46.4912033081, -17.2755832672, 31.9740810394, -13.4145526886], [-295.880218506, 147.645401001, 128.412704468, 162.090530396, 272.431335449, 77.222442627, 36.4722900391, 51.6883468628, 69.9908752441, 41.2634277344, 27.8520507812, 5.25815629959, 38.177154541], [124.389282227, -74.560295105, 61.9996032715, 78.9476013184, 77.222442627, 204.342376709, 72.71875, 21.9822406769, 27.9572849274, 41.2577896118, 4.04981517792, 21.3545951843, -14.5436573029], [-72.0598297119, 206.99407959, 27.9556789398, -36.5645484924, 36.4722900391, 72.71875, 239.933303833, 73.8394012451, 7.18739080429, 5.01243591309, 58.3170089722, -6.8379073143, 1.46022200584], [209.57875061, 67.0386505127, 22.2421760559, -25.1115036011, 51.6883468628, 21.9822406769, 73.8394012451, 175.452789307, 29.9727344513, 27.3360977173, 35.3600502014, 2.11228823662, 27.8453369141], [5.30179786682, 25.8821716309, -12.7112150192, 84.8924407959, 69.9908752441, 27.9572849274, 7.18739080429, 29.9727344513, 145.254394531, 52.6739387512, -16.7504844666, 15.2413463593, 17.0337810516], [84.6768722534, -37.5178108215, 13.7630519867, 46.4912033081, 41.2634277344, 41.2577896118, 5.01243591309, 27.3360977173, 52.6739387512, 101.483024597, 22.39793396, 3.05809211731, 10.2344322205], [-21.6948680878, 121.80947876, 63.2774658203, -17.2755832672, 27.8520507812, 4.04981517792, 58.3170089722, 35.3600502014, -16.7504844666, 22.39793396, 90.5116577148, 14.7031736374, 3.89537763596], [-21.7887554169, -42.9474601746, 17.0297412872, 31.9740810394, 5.25815629959, 21.3545951843, -6.8379073143, 2.11228823662, 15.2413463593, 3.05809211731, 14.7031736374, 62.2147102356, 16.1537075043], [-26.141242981, 75.2523269653, 12.1142292023, -13.4145526886, 38.177154541, -14.5436573029, 1.46022200584, 27.8453369141, 17.0337810516, 10.2344322205, 3.89537763596, 16.1537075043, 70.6519241333]],
        "icov": [[0.000226433941862, -0.000329080707161, 0.000457400834421, -0.000595007441007, 0.000769741658587, -0.000633648305666, 0.000524809292983, -0.000626080785878, 0.000304373679683, -0.000119050680951, -0.00019139520009, 0.000287040224066, -0.000178790694918], [-0.000329080707161, 0.00416822452098, -0.00181693513878, 0.00228125997819, -0.00274658668786, 0.00253712548874, -0.00307611213066, 0.0024667296093, -0.00353343621828, 0.00354303373024, -0.00420135026798, 0.00347504136153, -0.00294315558858], [0.000457400834421, -0.00181693513878, 0.00347582506947, -0.00282162800431, 0.00193686736748, -0.00237501808442, 0.00206436403096, -0.00188575836364, 0.00217146519572, -0.000535638304427, -0.000973767368123, 0.000146301710629, -0.000287876318907], [-0.000595007441007, 0.00228125997819, -0.00282162800431, 0.00621990207583, -0.00497853616253, 0.00267121428624, -0.00214030081406, 0.00301238452084, -0.00285081495531, 0.000154706896865, 0.00123647938017, -0.0020587395411, 0.00217929319479], [0.000769741658587, -0.00274658668786, 0.00193686736748, -0.00497853616253, 0.0107873575762, -0.00585657870397, 0.00374510884285, -0.00354779791087, -0.000355832220521, 0.000329365255311, -0.00311259669252, 0.00400413339958, -0.00448666792363], [-0.000633648305666, 0.00253712548874, -0.00237501808442, 0.00267121428624, -0.00585657870397, 0.0115093877539, -0.00623405259103, 0.00238873646595, 3.28656060447e-05, -0.00333649129607, 0.00450507132336, -0.00540425116196, 0.0041614822112], [0.000524809292983, -0.00307611213066, 0.00206436403096, -0.00214030081406, 0.00374510884285, -0.00623405259103, 0.00995350442827, -0.004095797427, 0.000555014063139, 0.00122364866547, -0.00385737954639, 0.00231946958229, 0.000183094613021], [-0.000626080785878, 0.0024667296093, -0.00188575836364, 0.00301238452084, -0.00354779791087, 0.00238873646595, -0.004095797427, 0.0101128546521, -0.00344936107285, 0.000936375407036, -0.00287099112757, 0.00137247378007, -0.00291546457447], [0.000304373679683, -0.00353343621828, 0.00217146519572, -0.00285081495531, -0.000355832220521, 3.28656060447e-05, 0.000555014063139, -0.00344936107285, 0.0154055459425, -0.00989586487412, 0.0102956406772, -0.00788513943553, 0.00346404570155], [-0.000119050680951, 0.00354303373024, -0.000535638304427, 0.000154706896865, 0.000329365255311, -0.00333649129607, 0.00122364866547, 0.000936375407036, -0.00989586487412, 0.0207754783332, -0.0138235446066, 0.0102186705917, -0.00715354504064], [-0.00019139520009, -0.00420135026798, -0.000973767368123, 0.00123647938017, -0.00311259669252, 0.00450507132336, -0.00385737954639, -0.00287099112757, 0.0102956406772, -0.0138235446066, 0.029488639906, -0.0164258889854, 0.0102762952447], [0.000287040224066, 0.00347504136153, 0.000146301710629, -0.0020587395411, 0.00400413339958, -0.00540425116196, 0.00231946958229, 0.00137247378007, -0.00788513943553, 0.0102186705917, -0.0164258889854, 0.0301153175533, -0.0134351076558], [-0.000178790694918, -0.00294315558858, -0.000287876318907, 0.00217929319479, -0.00448666792363, 0.0041614822112, 0.000183094613021, -0.00291546457447, 0.00346404570155, -0.00715354504064, 0.0102762952447, -0.0134351076558, 0.0248182434589]]
    },
    "melbands": {
        "dmean": [0.000985066406429, 0.000870256102644, 0.000691776396707, 0.00113481096923, 0.000630531285424, 0.000284771173028, 0.000225945012062, 0.000223589231609, 0.000170289480593, 0.000125444799778, 0.000120670971228, 5.98422520852e-05, 4.99460948049e-05, 5.77400423936e-05, 3.17899502988e-05, 2.03069594136e-05, 3.28286878357e-05, 1.66401550814e-05, 2.44341736106e-05, 1.44205841934e-05, 8.47719638841e-06, 8.12901180325e-06, 6.28923635304e-06, 5.20285175298e-06, 5.19679633726e-06, 5.91726984567e-06, 6.03938997301e-06, 4.2171413952e-06, 3.48346020473e-06, 3.52364418177e-06, 3.05390062749e-06, 2.77698086393e-06, 3.18061597682e-06, 3.00046804114e-06, 2.83010854218e-06, 3.00559918287e-06, 2.61910963673e-06, 3.1630572721e-06, 2.96843586511e-06, 6.934996577e-07],
        "dmean2": [0.0016475522425, 0.00137638382148, 0.00114646123257, 0.00184163439553, 0.000993671594188, 0.000465489050839, 0.000364619249012, 0.000329737493303, 0.000248105847277, 0.000166901067132, 0.000162987125805, 9.03564796317e-05, 7.28848390281e-05, 8.538927068e-05, 4.87203651574e-05, 3.35821132467e-05, 5.46597802895e-05, 2.7144276828e-05, 4.00222961616e-05, 2.27950877161e-05, 1.37555634865e-05, 1.30879052449e-05, 1.02283174783e-05, 8.19011620479e-06, 8.25526967674e-06, 9.16093722481e-06, 9.51631955104e-06, 6.59683655613e-06, 5.40765950063e-06, 5.48980642634e-06, 4.58778686152e-06, 4.42187592853e-06, 4.81570486954e-06, 4.25332518716e-06, 3.98147176384e-06, 4.35365018348e-06, 3.72219733435e-06, 4.7368507694e-06, 4.42980717708e-06, 1.10407938791e-06],
        "dvar": [3.15683564622e-06, 3.54394296664e-06, 1.76462344825e-06, 2.44705734076e-06, 1.22748997455e-06, 5.66465416796e-07, 3.35771289883e-07, 2.25016961508e-07, 1.56664853534e-07, 1.0723800159e-07, 1.05170457232e-07, 3.78012678937e-08, 1.30646986563e-08, 3.87494232257e-08, 1.35826256908e-08, 6.08996808538e-09, 3.0568298115e-08, 5.65310909195e-09, 1.01403827557e-08, 3.55978868605e-09, 9.06408725854e-10, 5.1383453048e-10, 2.42488279456e-10, 1.53065934927e-10, 1.37133554512e-10, 2.3133905902e-10, 1.31979288609e-10, 5.82257159154e-11, 7.60965804258e-11, 1.16855219945e-10, 5.29004236249e-11, 4.99849953095e-11, 7.96483851095e-11, 7.58046264648e-11, 8.31208296637e-11, 9.95613660959e-11, 4.29360921816e-11, 6.49095013849e-11, 3.89075126284e-11, 2.48836107969e-12],
        "dvar2": [8.17414365883e-06, 8.28632346384e-06, 4.38308916273e-06, 5.98622546022e-06, 2.76754167317e-06, 1.40113115776e-06, 8.97242443898e-07, 4.38158053839e-07, 2.98232890827e-07, 1.85097263738e-07, 1.63368497397e-07, 8.05255240266e-08, 2.54608245598e-08, 8.94698146681e-08, 3.06260119487e-08, 1.63116968821e-08, 8.74741132861e-08, 1.55612092101e-08, 2.41628423936e-08, 7.94111087998e-09, 2.29542274077e-09, 1.28662158705e-09, 6.06900085742e-10, 3.43894718258e-10, 3.5119251951e-10, 5.93921245517e-10, 3.28683497086e-10, 1.42162143169e-10, 1.62587665553e-10, 2.5880070309e-10, 1.07810663175e-10, 1.25057922351e-10, 2.02359670687e-10, 1.61085575434e-10, 1.23508300809e-10, 2.02096908652e-10, 8.44353822971e-11, 1.56930621276e-10, 7.94500715218e-11, 6.96417055968e-12],
        "max": [0.0179383270442, 0.0204022992402, 0.0122649325058, 0.0198677089065, 0.0140186659992, 0.0125939389691, 0.0111235491931, 0.0101748192683, 0.00569255044684, 0.00618151202798, 0.00859957467765, 0.00436136499047, 0.00172374013346, 0.00481104943901, 0.00223605753854, 0.00140621617902, 0.00317555596121, 0.00160933414008, 0.00168169115204, 0.00114191346802, 0.000841558154207, 0.00043429521611, 0.000337074656272, 0.000272400182439, 0.000208274650504, 0.000339019083185, 0.000207716133446, 0.000102278958366, 0.000167089470779, 0.000260414148215, 0.000131245309603, 9.45907304413e-05, 0.000141368582263, 0.000222807269893, 0.000280186941382, 0.000180723669473, 0.000125465550809, 0.000148073886521, 0.000144288860611, 2.79597479675e-05],
        "mean": [0.00233482429758, 0.00164355093148, 0.00110471225344, 0.00230918964371, 0.00127667491324, 0.00049612740986, 0.000348841509549, 0.000424663390731, 0.000350992573658, 0.00026541997795, 0.000217006134335, 8.98056314327e-05, 9.91621782305e-05, 0.000108660409751, 4.4141899707e-05, 2.66739789367e-05, 3.41719896824e-05, 1.92556999536e-05, 2.96797697956e-05, 1.89389411389e-05, 1.20228496598e-05, 1.11927338367e-05, 8.41158362164e-06, 7.37488608138e-06, 7.51012612454e-06, 9.65967865341e-06, 9.7675338111e-06, 6.60842852085e-06, 5.39955590284e-06, 5.39115353604e-06, 4.69313590656e-06, 3.9215005927e-06, 4.22674656875e-06, 4.16997863795e-06, 4.26984843216e-06, 4.39564246335e-06, 4.28287239629e-06, 5.15489500685e-06, 5.25937139173e-06, 1.04077821561e-06],
        "median": [0.00161930220202, 0.00100517412648, 0.000570240837988, 0.00129568157718, 0.000490701175295, 0.000193082756596, 0.000141814787639, 8.0227961007e-05, 5.63523935853e-05, 4.09396561736e-05, 5.09203382535e-05, 2.13128569158e-05, 1.94822041522e-05, 1.8456728867e-05, 1.10411165224e-05, 8.62418073666e-06, 7.66354241932e-06, 6.06254661761e-06, 6.29369424132e-06, 3.5344708067e-06, 3.20984713653e-06, 3.78751246899e-06, 3.34805827151e-06, 2.60885894932e-06, 3.26715667143e-06, 3.89339720641e-06, 4.57703754364e-06, 2.79091273114e-06, 1.84083421573e-06, 1.73076068677e-06, 1.70964199242e-06, 1.24091570797e-06, 1.14926092465e-06, 1.17842671443e-06, 1.27163707475e-06, 1.16351191082e-06, 1.28019905787e-06, 1.82022222361e-06, 2.27987811741e-06, 4.31784940247e-07],
        "min": [2.2112294977e-23, 1.72845750998e-23, 6.33032674663e-24, 4.72196873407e-24, 8.71050508556e-24, 1.35330981557e-23, 8.89865393348e-24, 1.46610351438e-23, 2.81046370298e-23, 1.12043531533e-23, 1.2487960797e-23, 9.64957536233e-24, 1.45279085552e-23, 6.38398743198e-24, 1.60403032163e-23, 8.58420056602e-24, 6.71327966749e-24, 2.32889788359e-23, 5.44459175009e-24, 1.46487131365e-23, 1.63484685735e-23, 7.00153023112e-24, 1.88855241308e-23, 1.16848301869e-23, 1.96732317214e-23, 8.70260937676e-24, 6.85589940827e-24, 1.96185179067e-23, 1.29581779057e-23, 1.6720044148e-23, 1.11043989546e-23, 1.06822274194e-23, 1.17690600212e-23, 8.09732508165e-24, 1.25976124629e-23, 1.45954587145e-23, 9.72015080321e-24, 9.62514512895e-24, 1.12159202208e-23, 9.54320299128e-24],
        "var": [6.03238549957e-06, 5.06020114699e-06, 2.34531216847e-06, 7.23819175619e-06, 3.41281042893e-06, 9.80167556008e-07, 3.60206769301e-07, 6.98106362051e-07, 6.29970315913e-07, 5.12154940679e-07, 3.14720494998e-07, 5.5177487468e-08, 5.4047639253e-08, 1.14680162255e-07, 1.99012841762e-08, 6.79766953837e-09, 2.36420731881e-08, 4.11042222481e-09, 1.19650032104e-08, 4.94202501145e-09, 1.23563281829e-09, 6.3783289761e-10, 2.72868672102e-10, 2.69136546382e-10, 1.67003771923e-10, 4.10617401192e-10, 2.36697883516e-10, 1.15932090317e-10, 1.9003050522e-10, 2.43252445964e-10, 1.14207039659e-10, 7.52588200092e-11, 1.04408641455e-10, 1.35500527465e-10, 2.08276354496e-10, 1.76370001936e-10, 1.19983203928e-10, 1.29018684625e-10, 1.03832623055e-10, 4.32615792148e-12]
    },
    "mfcc": {
        "mean": [-638.378112793, 109.065200806, 36.0763816833, 19.7900314331, 5.35887956619, 1.15054357052, 5.33016633987, 0.583568632603, -4.30020713806, 2.35825705528, -5.84974384308, -1.84741699696, -3.11801362038],
        "cov": [[6163.61767578, -453.344726562, -403.755889893, -96.7454528809, -157.138305664, -41.1343307495, -80.5738754272, 4.08969211578, 43.0433235168, 121.8465271, 26.9293613434, 28.7478618622, -22.1942844391], [-453.344726562, 1023.82495117, 87.2061233521, -6.40151882172, -36.003578186, -132.957321167, 209.429580688, 42.9963417053, 27.8913650513, 46.5131530762, 30.1313934326, -8.9410276413, 48.6978759766], [-403.755889893, 87.2061233521, 490.464691162, 144.887649536, 84.1940307617, 77.7674484253, 80.6607666016, 34.1107521057, -23.6401004791, -11.4806375504, 22.725982666, 8.9726228714, 20.3039283752], [-96.7454528809, -6.40151882172, 144.887649536, 318.488189697, 159.609771729, 76.8324737549, 2.71812152863, 25.9362926483, 24.9980659485, 34.0135879517, 13.9194793701, 19.2217159271, 27.3575572968], [-157.138305664, -36.003578186, 84.1940307617, 159.609771729, 299.730407715, 83.8598327637, -12.5335083008, 4.76248455048, 49.6340065002, 27.7478904724, 16.201417923, 19.7554588318, 11.6712036133], [-41.1343307495, -132.957321167, 77.7674484253, 76.8324737549, 83.8598327637, 260.183746338, -5.99936962128, 26.715631485, 22.6326293945, 14.9381628036, 48.3468284607, 23.2763080597, -7.99161100388], [-80.5738754272, 209.429580688, 80.6607666016, 2.71812152863, -12.5335083008, -5.99936962128, 246.011306763, 64.5995788574, 7.28299188614, 45.9958114624, 25.7216930389, 12.4703464508, 34.901599884], [4.08969211578, 42.9963417053, 34.1107521057, 25.9362926483, 4.76248455048, 26.715631485, 64.5995788574, 129.656677246, 33.0578575134, 17.6808013916, 14.4606962204, 22.1565856934, 25.0641746521], [43.0433235168, 27.8913650513, -23.6401004791, 24.9980659485, 49.6340065002, 22.6326293945, 7.28299188614, 33.0578575134, 125.548034668, 50.414894104, 20.2839660645, 24.2877635956, 10.8616714478], [121.8465271, 46.5131530762, -11.4806375504, 34.0135879517, 27.7478904724, 14.9381628036, 45.9958114624, 17.6808013916, 50.414894104, 124.014915466, 35.5948677063, 4.76469802856, 19.5147666931], [26.9293613434, 30.1313934326, 22.725982666, 13.9194793701, 16.201417923, 48.3468284607, 25.7216930389, 14.4606962204, 20.2839660645, 35.5948677063, 102.111488342, 39.6676902771, 0.00467675551772], [28.7478618622, -8.9410276413, 8.9726228714, 19.2217159271, 19.7554588318, 23.2763080597, 12.4703464508, 22.1565856934, 24.2877635956, 4.76469802856, 39.6676902771, 90.4023590088, 20.7345352173], [-22.1942844391, 48.6978759766, 20.3039283752, 27.3575572968, 11.6712036133, -7.99161100388, 34.901599884, 25.0641746521, 10.8616714478, 19.5147666931, 0.00467675551772, 20.7345352173, 83.806640625]],
