{
"lowlevel": {
    "average_loudness": 0.92708837986,
    "barkbands_crest": {
        "dmean": 2.80984401703,
        "dmean2": 4.62836122513,
        "dvar": 7.87628984451,
        "dvar2": 21.1769351959,
        "max": 26.0226516724,
        "mean": 11.629155159,
        "median": 10.9782600403,
        "min": 2.81984567642,
        "var": 18.7632484436
    },
    "barkbands_flatness_db": {
        "dmean": 0.0264218077064,
        "dmean2": 0.0430256724358,
        "dvar": 0.000816552783363,
        "dvar2": 0.00225982698612,
        "max": 0.425254404545,
        "mean": 0.211492195725,
        "median": 0.208932086825,
        "min": 0.040612988174,
        "var": 0.00200623041019
    },
    "barkbands_kurtosis": {
        "dmean": 5.08045721054,
        "dmean2": 8.41383552551,
        "dvar": 132.899734497,
        "dvar2": 342.158660889,
        "max": 157.184768677,
        "mean": 8.48582077026,
        "median": 5.04448318481,
        "min": -1.84496831894,
        "var": 192.409561157
    },
    "barkbands_skewness": {
        "dmean": 0.658436059952,
        "dmean2": 1.01990461349,
        "dvar": 0.854797899723,
        "dvar2": 2.13673615456,
        "max": 10.58340168,
        "mean": 2.0192091465,
        "median": 1.84523916245,
        "min": -2.23161530495,
        "var": 1.99516940117
    },
    "barkbands_spread": {
        "dmean": 3.67584085464,
        "dmean2": 5.41495084763,
        "dvar": 29.0089626312,
        "dvar2": 56.2353782654,
        "max": 89.1912689209,
        "mean": 13.0006685257,
        "median": 10.7308530807,
        "min": 0.700798928738,
        "var": 103.456176758
    },
    "dissonance": {
        "dmean": 0.0252614151686,
        "dmean2": 0.0410143695772,
        "dvar": 0.000649780558888,
        "dvar2": 0.00139778712764,
        "max": 0.499950766563,
        "mean": 0.436910390854,
        "median": 0.444541692734,
        "min": 0,
        "var": 0.00169328518678
    },
    "dynamic_complexity": 4.66221094131,
    "erbbands_crest": {
        "dmean": 3.14923906326,
        "dmean2": 4.7954993248,
        "dvar": 9.41070461273,
        "dvar2": 19.7826194763,
        "max": 31.0350570679,
        "mean": 11.5487174988,
        "median": 9.73423671722,
        "min": 2.91690802574,
        "var": 36.1367492676
    },
    "erbbands_flatness_db": {
        "dmean": 0.0189175903797,
        "dmean2": 0.0253607910126,
        "dvar": 0.000326873792801,
        "dvar2": 0.000545544782653,
        "max": 0.339749366045,
        "mean": 0.201818004251,
        "median": 0.199965566397,
        "min": 0.104437023401,
        "var": 0.00188878900371
    },
    "erbbands_kurtosis": {
        "dmean": 1.60282850266,
        "dmean2": 2.42063069344,
        "dvar": 6.15556287766,
        "dvar2": 14.1501674652,
        "max": 29.213634491,
        "mean": 2.12026357651,
        "median": 0.914876699448,
        "min": -1.76723670959,
        "var": 14.9331455231
    },
    "erbbands_skewness": {
        "dmean": 0.388104617596,
        "dmean2": 0.554100811481,
        "dvar": 0.165682777762,
        "dvar2": 0.317621439695,
        "max": 5.03795337677,
        "mean": 0.932239949703,
        "median": 0.918171465397,
        "min": -4.34257745743,
        "var": 0.820994317532
    },
    "erbbands_spread": {
        "dmean": 7.82250261307,
        "dmean2": 11.0633811951,
        "dvar": 95.6826477051,
        "dvar2": 205.815948486,
        "max": 144.950088501,
        "mean": 32.6792755127,
        "median": 28.4024581909,
        "min": 3.53253269196,
        "var": 346.333618164
    },
    "hfc": {
        "dmean": 4.08232831955,
        "dmean2": 5.74181032181,
        "dvar": 52.888458252,
        "dvar2": 102.979629517,
        "max": 116.32509613,
        "mean": 11.5264558792,
        "median": 5.41436719894,
        "min": 7.40403072186e-10,
        "var": 244.405075073
    },
    "melbands_crest": {
        "dmean": 3.40652322769,
        "dmean2": 5.48196077347,
        "dvar": 11.1605987549,
        "dvar2": 29.3219585419,
        "max": 38.7446250916,
        "mean": 14.7806711197,
        "median": 13.5814561844,
        "min": 2.4974052906,
        "var": 26.202835083
    },
    "melbands_flatness_db": {
        "dmean": 0.0268654469401,
        "dmean2": 0.0392701998353,
        "dvar": 0.000944033032283,
        "dvar2": 0.00242819171399,
        "max": 0.449118614197,
        "mean": 0.251087576151,
        "median": 0.249645218253,
        "min": 0.048953961581,
        "var": 0.00375420460477
    },
    "melbands_kurtosis": {
        "dmean": 10.0249605179,
        "dmean2": 16.5639152527,
        "dvar": 500.500732422,
        "dvar2": 1286.90234375,
        "max": 278.146179199,
        "mean": 17.9462070465,
        "median": 10.5070934296,
        "min": -1.88544845581,
        "var": 626.328430176
    },
    "melbands_skewness": {
        "dmean": 0.843503475189,
        "dmean2": 1.29401516914,
        "dvar": 1.21828997135,
        "dvar2": 2.91369628906,
        "max": 13.1137971878,
        "mean": 2.76965332031,
        "median": 2.48156309128,
        "min": -0.970009386539,
        "var": 3.20097875595
    },
    "melbands_spread": {
        "dmean": 4.41516637802,
        "dmean2": 6.4515504837,
        "dvar": 107.526672363,
        "dvar2": 175.869720459,
        "max": 190.252197266,
        "mean": 14.2407398224,
        "median": 11.1577100754,
        "min": 0.845928668976,
        "var": 350.543060303
    },
    "pitch_salience": {
        "dmean": 0.0741200745106,
        "dmean2": 0.117316581309,
        "dvar": 0.00536846695468,
        "dvar2": 0.0139662865549,
        "max": 0.990791022778,
        "mean": 0.540738642216,
        "median": 0.548703432083,
        "min": 0.0363296158612,
        "var": 0.01464312803
    },
    "silence_rate_20dB": {
        "dmean": 0,
        "dmean2": 0,
        "dvar": 0,
        "dvar2": 0,
        "max": 1,
        "mean": 1,
        "median": 1,
        "min": 1,
        "var": 0
    },
    "silence_rate_30dB": {
        "dmean": 0.0386398769915,
        "dmean2": 0.0773395225406,
        "dvar": 0.0371464639902,
        "dvar2": 0.0852793157101,
        "max": 1,
        "mean": 0.961389958858,
        "median": 1,
        "min": 0,
        "var": 0.0371196307242
    },
    "silence_rate_60dB": {
        "dmean": 0.0432766601443,
        "dmean2": 0.0866202637553,
        "dvar": 0.041403952986,
        "dvar2": 0.0883966386318,
        "max": 1,
        "mean": 0.146718144417,
        "median": 0,
        "min": 0,
        "var": 0.125189438462
    },
    "spectral_centroid": {
        "dmean": 171.60609436,
        "dmean2": 246.103881836,
        "dvar": 120757.40625,
        "dvar2": 140998.21875,
        "max": 11859.5498047,
        "mean": 852.964782715,
        "median": 712.965515137,
        "min": 274.349151611,
        "var": 440385.53125
    },
    "spectral_complexity": {
        "dmean": 2.10973715782,
        "dmean2": 3.296210289,
        "dvar": 5.93076896667,
        "dvar2": 12.324467659,
        "max": 37,
        "mean": 11.2208490372,
        "median": 11,
        "min": 0,
        "var": 29.7040805817
    },
    "spectral_decrease": {
        "dmean": 3.63579966134e-09,
        "dmean2": 6.12318951099e-09,
        "dvar": 1.06322579859e-16,
        "dvar2": 3.02065660337e-16,
        "max": -5.39025072963e-20,
        "mean": -6.87436640945e-09,
        "median": -3.82055942438e-09,
        "min": -1.22980011952e-07,
        "var": 9.83210632708e-17
    },
    "spectral_energy": {
        "dmean": 0.0140350814909,
        "dmean2": 0.0235753152519,
        "dvar": 0.00153538689483,
        "dvar2": 0.00435714749619,
        "max": 0.467567533255,
        "mean": 0.026990974322,
        "median": 0.0150900175795,
        "min": 2.70597536349e-13,
        "var": 0.00146198447328
    },
    "spectral_energyband_high": {
        "dmean": 0.000184821168659,
        "dmean2": 0.000251805467997,
        "dvar": 6.38091876226e-07,
        "dvar2": 1.26573058878e-06,
        "max": 0.017199864611,
        "mean": 0.000341896171449,
        "median": 6.56450210954e-05,
        "min": 6.49242419266e-14,
        "var": 1.71727094767e-06
    },
    "spectral_energyband_low": {
        "dmean": 0.0105869695544,
        "dmean2": 0.0188066642731,
        "dvar": 0.00150059536099,
        "dvar2": 0.00427658669651,
        "max": 0.452227771282,
        "mean": 0.0118326032534,
        "median": 0.00398405361921,
        "min": 6.30918547048e-15,
        "var": 0.000973363465164
    },
    "spectral_energyband_middle_high": {
        "dmean": 0.00118002865929,
        "dmean2": 0.00172634632327,
        "dvar": 1.03166321423e-05,
        "dvar2": 1.8072551029e-05,
        "max": 0.0888743773103,
        "mean": 0.0026250842493,
        "median": 0.000932072813157,
        "min": 1.6081592709e-13,
        "var": 3.23001440847e-05
    },
    "spectral_energyband_middle_low": {
        "dmean": 0.00463649071753,
        "dmean2": 0.00665937876329,
        "dvar": 5.87725808145e-05,
        "dvar2": 0.000116609771794,
        "max": 0.0976813212037,
        "mean": 0.0130226528272,
        "median": 0.00661291461438,
        "min": 4.10409790733e-14,
        "var": 0.000251911289524
    },
    "spectral_entropy": {
        "dmean": 0.176743716002,
        "dmean2": 0.238817542791,
        "dvar": 0.0279208682477,
        "dvar2": 0.0451665148139,
        "max": 9.80498313904,
        "mean": 7.18551063538,
        "median": 7.18275547028,
        "min": 5.75460910797,
        "var": 0.207064688206
    },
    "spectral_flux": {
        "dmean": 0.0319462716579,
        "dmean2": 0.051312841475,
        "dvar": 0.00322571280412,
        "dvar2": 0.00626677460968,
        "max": 0.61209243536,
        "mean": 0.0722519829869,
        "median": 0.0491363108158,
        "min": 0.000101052093669,
        "var": 0.00578266661614
    },
    "spectral_kurtosis": {
        "dmean": 2.34290671349,
        "dmean2": 3.91974210739,
        "dvar": 6.84258794785,
        "dvar2": 18.730512619,
        "max": 32.1309547424,
        "mean": 4.78852987289,
        "median": 3.7867565155,
        "min": -1.13668203354,
        "var": 15.8093414307
    },
    "spectral_rms": {
        "dmean": 0.00100517913233,
        "dmean2": 0.00157598499209,
        "dvar": 3.632994094e-06,
        "dvar2": 9.46334057517e-06,
        "max": 0.0213579833508,
        "mean": 0.00433280179277,
        "median": 0.00383692164905,
        "min": 1.62480020549e-08,
        "var": 7.55945120545e-06
    },
    "spectral_rolloff": {
        "dmean": 217.012298584,
        "dmean2": 339.084838867,
        "dvar": 273967.8125,
        "dvar2": 465224.5625,
        "max": 7881.15234375,
        "mean": 755.58972168,
        "median": 581.396484375,
        "min": 21.533203125,
        "var": 880320.5625
    },
    "spectral_skewness": {
        "dmean": 0.281052321196,
        "dmean2": 0.428140223026,
        "dvar": 0.0650866255164,
        "dvar2": 0.154048115015,
        "max": 3.8544356823,
        "mean": 1.63165783882,
        "median": 1.58808088303,
        "min": -0.596399188042,
        "var": 0.350475609303
    },
    "spectral_spread": {
        "dmean": 446290.4375,
        "dmean2": 586984.125,
        "dvar": 1.1581489152e+12,
        "dvar2": 1.1361845248e+12,
        "max": 39018324,
        "mean": 3863512.5,
        "median": 3657356.75,
        "min": 1674894.75,
        "var": 2.74993853235e+12
    },
    "spectral_strongpeak": {
        "dmean": 0.463100284338,
        "dmean2": 0.763231754303,
        "dvar": 0.710488736629,
        "dvar2": 1.52967786789,
        "max": 8.91792011261,
        "mean": 0.909127473831,
        "median": 0.331383824348,
        "min": 0,
        "var": 1.69214522839
    },
    "zerocrossingrate": {
        "dmean": 0.00740195112303,
        "dmean2": 0.00858778320253,
        "dvar": 0.000240923487581,
        "dvar2": 0.000260672328295,
        "max": 0.48974609375,
        "mean": 0.0378223769367,
        "median": 0.03173828125,
        "min": 0.00048828125,
        "var": 0.000921703584027
    },
    "barkbands": {
        "dmean": [0.000896075565834, 0.00886865053326, 0.00130992906634, 0.000456655747257, 0.00196281145327, 0.00104434567038, 0.000816934101749, 0.00078470032895, 0.000829637690913, 0.00116349442396, 0.000172055428266, 0.00014827081759, 8.66247501108e-05, 0.000125393547933, 7.90474514361e-05, 8.5562307504e-05, 7.79338588472e-05, 5.9802114265e-05, 5.62774075661e-05, 4.05649152526e-05, 6.50056390441e-05, 6.0723072238e-05, 3.10770592478e-05, 2.575743747e-05, 5.91350590184e-06, 9.9280339505e-10, 1.05709174747e-09],
        "dmean2": [0.00150909426156, 0.0158891789615, 0.00228806002997, 0.00077732198406, 0.00312034040689, 0.00148381222971, 0.00120411068201, 0.00110436975956, 0.00107829237822, 0.00174292502925, 0.000257092760876, 0.000208625890082, 0.000137119917781, 0.000178249159944, 0.000125542472233, 0.000129441701574, 0.000109453038021, 8.30413628137e-05, 8.3588391135e-05, 6.24658132438e-05, 9.98091200017e-05, 9.17857323657e-05, 4.10179636674e-05, 3.57769895345e-05, 9.00895884115e-06, 1.85975335132e-09, 1.98110461369e-09],
        "dvar": [1.10185073936e-05, 0.00117483898066, 1.40662614285e-05, 8.36474839616e-07, 1.88054636965e-05, 4.10226584791e-06, 9.53279231908e-06, 7.63781645219e-06, 1.00143861346e-05, 1.62760352396e-05, 1.50157333678e-07, 2.01947045753e-07, 7.74008128701e-08, 4.99659449815e-07, 7.36050296268e-08, 1.90604197314e-07, 7.696320381e-08, 6.85996752736e-08, 1.9158690634e-08, 2.42136000139e-08, 1.17213325268e-07, 1.27858868382e-07, 2.03329939552e-08, 3.71939790078e-09, 1.96101759831e-10, 3.51107771141e-18, 4.02923894996e-18],
        "dvar2": [2.93869343295e-05, 0.00339892483316, 4.00287899538e-05, 2.40119061345e-06, 4.171994442e-05, 8.01486385171e-06, 2.28132303164e-05, 1.25090728034e-05, 1.46011070683e-05, 3.20151702908e-05, 2.92430172522e-07, 2.98183323366e-07, 1.77864592388e-07, 1.10069390757e-06, 1.79571316039e-07, 4.28750922765e-07, 1.27286327256e-07, 1.03905499316e-07, 3.7808547404e-08, 5.53020989003e-08, 2.84290393893e-07, 2.47249431595e-07, 3.80338782691e-08, 7.21001258697e-09, 4.07553102377e-10, 1.13837150111e-17, 1.30747534245e-17],
        "max": [0.0521785542369, 0.403863877058, 0.0353626683354, 0.01008897461, 0.0588398575783, 0.035528793931, 0.0773050934076, 0.0573763474822, 0.0767344012856, 0.095582999289, 0.00818692333996, 0.0101132467389, 0.00565564539284, 0.0199291985482, 0.00707519613206, 0.00950455386192, 0.00756918173283, 0.00752110593021, 0.00280829379335, 0.00337728485465, 0.00691924383864, 0.00801072921604, 0.00388346030377, 0.00110329489689, 0.000194288353669, 2.58300083544e-08, 2.78897118733e-08],
        "mean": [0.000853168661706, 0.00883998069912, 0.00184542790521, 0.000759907183237, 0.00377408741042, 0.00257749739103, 0.00155910360627, 0.00147039024159, 0.00175816542469, 0.00176088209264, 0.000277664745227, 0.000248659256613, 0.000125328224385, 0.000177073117811, 0.000110921675514, 0.000125039630802, 0.000129912528791, 0.000116208117106, 0.000108826548967, 6.88910367899e-05, 9.01301100384e-05, 0.000104877326521, 5.35183935426e-05, 4.6007171477e-05, 9.29448742681e-06, 7.6840689367e-10, 8.15376044461e-10],
        "median": [9.99351905193e-05, 0.00221090111881, 0.000648193876259, 0.000336413562763, 0.00152520101983, 0.00107253459282, 0.000419802672695, 0.000210481710383, 0.000217006614548, 0.000177978508873, 7.95806190581e-05, 8.24738963274e-05, 2.57531701209e-05, 3.56834098056e-05, 3.86078390875e-05, 2.31025878747e-05, 2.74639751296e-05, 3.05747780658e-05, 3.24729408021e-05, 2.13119346881e-05, 1.19053784147e-05, 1.13440519272e-05, 8.21483718028e-06, 1.10098972073e-05, 1.74736976533e-06, 1.8118907763e-10, 1.91531124294e-10],
        "min": [1.76655539765e-15, 2.67552233522e-15, 1.82202292669e-15, 1.8697002937e-15, 4.97188350061e-15, 5.55169068201e-15, 6.29397487633e-15, 7.15213275431e-15, 1.15643781985e-14, 1.33446415539e-14, 1.48862008603e-14, 2.06853272304e-14, 2.3552845465e-14, 2.42921697027e-14, 2.33855208825e-14, 1.70906617038e-14, 7.38294584431e-15, 8.52327273752e-16, 7.1646036204e-15, 2.27084637308e-14, 1.47392897719e-14, 2.24086208438e-15, 3.61531322525e-15, 2.82471511866e-14, 1.67083411011e-15, 2.04301739604e-16, 8.37470937897e-17],
        "var": [8.59220381244e-06, 0.000717160815839, 1.31180286189e-05, 1.20279059956e-06, 5.20780849911e-05, 1.61648822541e-05, 1.8322154574e-05, 2.32795919146e-05, 4.97577493661e-05, 3.65872256225e-05, 4.87040892949e-07, 6.13918928138e-07, 1.41997674064e-07, 7.96802396508e-07, 9.43088309668e-08, 3.47364590425e-07, 2.23457462312e-07, 1.97354964371e-07, 6.13775910097e-08, 3.04448413146e-08, 2.01059549454e-07, 3.20679248489e-07, 5.56713395383e-08, 1.05936921457e-08, 4.22211487994e-10, 2.54966057469e-18, 2.91395070967e-18]
    },
    "erbbands": {
        "dmean": [0.339999228716, 1.69001758099, 1.90575289726, 1.35127162933, 4.40340518951, 7.44251203537, 7.87643671036, 8.10655117035, 10.7686595917, 11.8687391281, 21.832742691, 21.0001316071, 39.4955673218, 14.4881486893, 6.24554300308, 7.12022066116, 4.0935792923, 6.96303606033, 2.82179522514, 5.58811807632, 4.56307601929, 3.08239865303, 3.0706372261, 2.80498170853, 2.5338716507, 1.97000956535, 2.16738772392, 2.74053740501, 2.73377323151, 1.47015988827, 0.80402970314, 0.530773639679, 0.452560931444, 0.126888036728, 0.0033998854924, 0.00015402684221, 1.90878636204e-05, 3.73777470486e-06, 6.99182373864e-06, 1.56402111315e-05],
        "dmean2": [0.615661263466, 3.0219874382, 3.4174759388, 2.2959189415, 7.45516729355, 11.5918550491, 10.7519044876, 11.8183355331, 16.1188163757, 17.0502891541, 29.9614562988, 27.336151123, 56.693069458, 21.660987854, 9.38451862335, 9.87050056458, 6.37451219559, 9.75462055206, 4.33426094055, 8.53064823151, 6.62886333466, 4.26011705399, 4.39565610886, 4.06496524811, 3.80246973038, 2.99905109406, 3.43713927269, 4.05215644836, 4.17966461182, 2.07873940468, 1.08001434803, 0.720733523369, 0.648559510708, 0.183015212417, 0.00486151548102, 0.000216212836676, 2.667015724e-05, 5.14529210704e-06, 1.13762062028e-05, 2.60913620878e-05],
        "dvar": [1.86534738541, 39.8264007568, 32.8443145752, 9.17343902588, 108.42993927, 351.596862793, 199.660720825, 394.599090576, 1372.6776123, 1736.51916504, 6184.07373047, 6277.37890625, 22871.0175781, 2059.46044922, 206.505966187, 458.084716797, 162.258712769, 1603.71069336, 61.6470069885, 489.207489014, 342.160369873, 93.2659988403, 227.497390747, 36.3080024719, 46.979133606, 60.674369812, 84.1696166992, 261.050415039, 265.148773193, 50.3484191895, 11.8824796677, 2.06525182724, 1.15845251083, 0.0853867530823, 5.98784754402e-05, 1.19632019846e-07, 1.61708757496e-09, 7.01191812946e-11, 3.01711072792e-10, 1.79153125668e-09],
        "dvar2": [5.35729265213, 116.071868896, 94.816696167, 24.9806537628, 289.336212158, 693.77923584, 321.548034668, 828.662902832, 3123.49511719, 3676.1862793, 9982.32421875, 10140.7314453, 42964.203125, 4438.62304688, 425.376922607, 644.696716309, 394.955993652, 3614.44970703, 142.427230835, 1117.05090332, 721.844909668, 146.905349731, 393.123199463, 61.5944633484, 96.5654067993, 142.102981567, 193.147369385, 630.282897949, 621.22479248, 85.2505111694, 24.277797699, 3.81790351868, 2.50356507301, 0.171765044332, 0.000118675052363, 2.38389930018e-07, 3.20864868009e-09, 1.35490535458e-10, 8.37912683682e-10, 5.06978992121e-09],
        "max": [16.6672363281, 69.9097137451, 55.3700370789, 37.1696014404, 103.66620636, 326.26272583, 255.390838623, 311.850494385, 979.966918945, 1288.01513672, 1587.94909668, 2086.82275391, 3474.96069336, 1226.75756836, 222.611419678, 507.125854492, 293.338562012, 1145.40759277, 137.734313965, 529.172851562, 378.567779541, 281.269927979, 430.97265625, 134.9034729, 160.375976562, 177.569793701, 177.676254272, 281.536437988, 382.463256836, 149.654525757, 92.7156219482, 33.0572929382, 15.1441040039, 4.32113790512, 0.109691910446, 0.0049660615623, 0.000560204032809, 0.000158528840984, 0.000211218328332, 0.000506910553668],
        "mean": [0.331641018391, 1.65728843212, 2.51290130615, 2.34807491302, 6.47325181961, 14.193066597, 19.2384243011, 18.3847694397, 22.3136768341, 22.0238227844, 43.5693244934, 45.4263343811, 60.7624473572, 25.9004039764, 11.1514520645, 12.1942682266, 6.56896352768, 10.1723270416, 4.59426403046, 8.03065681458, 7.91087627411, 5.72734069824, 6.00061559677, 5.41208171844, 4.97842407227, 3.36378645897, 3.2516283989, 3.89558553696, 4.02516841888, 2.64120793343, 1.36974453926, 0.954898715019, 0.756200790405, 0.213943183422, 0.00579311093315, 0.000282180350041, 3.96680406993e-05, 8.00348061603e-06, 1.4620379261e-05, 3.09325769194e-05],
        "median": [0.0423675067723, 0.503818869591, 0.981674790382, 1.03588318825, 3.36745262146, 4.23446846008, 7.44333648682, 7.02782917023, 5.82947349548, 6.69224309921, 5.09816122055, 5.37025547028, 7.47634744644, 4.55438709259, 4.11524534225, 4.31740236282, 1.74428832531, 2.1355805397, 1.38801455498, 2.42682409286, 1.56815242767, 1.47381222248, 1.6270891428, 1.82431137562, 1.41830253601, 1.10278451443, 0.611358225346, 0.444856792688, 0.402140289545, 0.346995741129, 0.227024003863, 0.21296082437, 0.179157331586, 0.0459229126573, 0.0013189741876, 7.89657860878e-05, 1.52451730173e-05, 3.04940726892e-06, 8.11051177152e-06, 1.76991397893e-05],
        "min": [9.70556304053e-14, 5.4593748142e-13, 1.86952753625e-12, 4.63916795604e-12, 9.66039834932e-12, 1.79282300811e-11, 3.07811311162e-11, 5.00846933371e-11, 7.84039708157e-11, 1.19198609316e-10, 1.76966399867e-10, 2.57077276133e-10, 3.65144164904e-10, 5.05488872982e-10, 6.78096467865e-10, 8.74102512594e-10, 1.06975928116e-09, 1.22146337489e-09, 1.26719934546e-09, 1.14382747718e-09, 8.29129209734e-10, 4.03372307778e-10, 8.39872268954e-11, 1.38083655621e-10, 6.10727690642e-10, 1.07141651107e-09, 9.20958642681e-10, 3.03417402314e-10, 6.18249895723e-11, 1.34974337263e-10, 1.03838986021e-10, 5.04475461405e-10, 4.46992109993e-10, 5.25034356269e-11, 4.55246474199e-12, 2.33572731469e-12, 9.49949212174e-13, 3.00188313877e-13, 6.45236224476e-14, 6.63553328901e-15],
        "var": [1.14982414246, 24.0789413452, 25.2787723541, 11.8510599136, 113.420715332, 1269.22619629, 1138.7253418, 1153.53808594, 3221.37011719, 4087.24511719, 18896.1035156, 30991.4257812, 55642.4335938, 5531.34423828, 557.269775391, 1364.33056641, 296.242614746, 2443.39208984, 120.991615295, 715.991577148, 857.624450684, 332.8203125, 592.388183594, 116.064102173, 153.600982666, 72.9602966309, 142.65145874, 458.445037842, 527.135253906, 157.794876099, 30.8599147797, 6.95962524414, 2.56353878975, 0.197899714112, 0.000143256678712, 3.01404355696e-07, 4.53826576319e-09, 2.20514190241e-10, 3.51944556831e-10, 1.79178882842e-09]
    },
    "gfcc": {
        "mean": [-80.6361999512, 152.889038086, -129.760070801, 51.4112892151, -77.2651138306, 13.949669838, -28.6482830048, -1.05392193794, -3.29409646988, -21.9581775665, 12.0095090866, -19.3209648132, 11.2929115295],
        "cov": [[9067.06835938, -124.503173828, -307.076507568, 322.97076416, -343.108734131, 84.4099121094, 162.464172363, 146.307327271, 108.373336792, -19.4848976135, -78.1976089478, 38.4163017273, 58.1497306824], [-124.503173828, 934.520385742, -26.662689209, -261.140533447, 359.464752197, -147.277175903, 175.108169556, -43.029750824, 105.564857483, -52.0709991455, 86.0599975586, -30.0453891754, 35.0713768005], [-307.076507568, -26.662689209, 398.619262695, 123.068382263, 55.6638679504, 149.859420776, -4.76597738266, 18.7242145538, -1.39077115059, 20.6042575836, 15.9539613724, -1.37181448936, -6.84634923935], [322.97076416, -261.140533447, 123.068382263, 343.091827393, 12.0763454437, 66.4710998535, -36.0642242432, 7.99725198746, -14.114490509, -11.5123977661, -35.626159668, 15.9535989761, -31.3676376343], [-343.108734131, 359.464752197, 55.6638679504, 12.0763454437, 403.9637146, -10.6960630417, 47.1937294006, 12.7948703766, 65.8703613281, -10.2298345566, 43.0607452393, -7.28286886215, 18.6565494537], [84.4099121094, -147.277175903, 149.859420776, 66.4710998535, -10.6960630417, 280.734771729, 35.1043395996, 39.6215209961, -6.21283912659, 65.224105835, 8.97174167633, -14.6058340073, -21.3287467957], [162.464172363, 175.108169556, -4.76597738266, -36.0642242432, 47.1937294006, 35.1043395996, 293.228057861, 33.5191192627, 56.8926048279, 28.7183303833, 27.3138885498, 9.08675289154, -7.80576896667], [146.307327271, -43.029750824, 18.7242145538, 7.99725198746, 12.7948703766, 39.6215209961, 33.5191192627, 152.702789307, 45.8350524902, 35.9346656799, 19.3673858643, 9.44245433807, 23.7875175476], [108.373336792, 105.564857483, -1.39077115059, -14.114490509, 65.8703613281, -6.21283912659, 56.8926048279, 45.8350524902, 111.641418457, 35.5208396912, 22.8909111023, 9.08044719696, 10.3916864395], [-19.4848976135, -52.0709991455, 20.6042575836, -11.5123977661, -10.2298345566, 65.224105835, 28.7183303833, 35.9346656799, 35.5208396912, 98.8150787354, 38.2120437622, 7.58361530304, -1.0828294754], [-78.1976089478, 86.0599975586, 15.9539613724, -35.626159668, 43.0607452393, 8.97174167633, 27.3138885498, 19.3673858643, 22.8909111023, 38.2120437622, 89.4191589355, 29.2730751038, 10.4965524673], [38.4163017273, -30.0453891754, -1.37181448936, 15.9535989761, -7.28286886215, -14.6058340073, 9.08675289154, 9.44245433807, 9.08044719696, 7.58361530304, 29.2730751038, 64.1277313232, 19.8950691223], [58.1497306824, 35.0713768005, -6.84634923935, -31.3676376343, 18.6565494537, -21.3287467957, -7.80576896667, 23.7875175476, 10.3916864395, -1.0828294754, 10.4965524673, 19.8950691223, 59.3166236877]],
        "icov": [[0.000151716492837, -0.000241137997364, 0.000254987244261, -0.000403732672567, 0.000343160529155, -0.000222061746172, 5.6100693655e-06, -0.000126971470308, -0.000134409914608, 3.51867893187e-05, 0.000106593121018, -2.88716437353e-05, -0.000311339594191], [-0.000241137997364, 0.00486154435202, -0.00123018433806, 0.00335562415421, -0.00331070809625, 0.00169725448359, -0.00193800462876, 0.00203962554224, -0.00235409266315, 0.00353930983692, -0.00369280250743, 0.0032682211604, -0.000392572663259], [0.000254987244261, -0.00123018433806, 0.00417054211721, -0.00226729898714, 0.000744708755519, -0.00248683011159, 0.000580281601287, -0.000355139141902, 0.000121237186249, 2.76303599094e-05, -0.000325392466038, -0.000127466279082, -0.00107028579805], [-0.000403732672567, 0.00335562415421, -0.00226729898714, 0.00700261071324, -0.00316956220195, 0.000896239187568, -0.000557405117434, 0.000649528461508, -0.00101998622995, 0.00233793165535, 0.000442513613962, -0.00157163047697, 0.00350869772956], [0.000343160529155, -0.00331070809625, 0.000744708755519, -0.00316956220195, 0.00583434524015, -0.00131214899011, 0.000906577915885, -0.000917887547985, -0.000926285225432, -0.000296408397844, -0.00016361134476, 0.000174450295162, -0.00166125129908], [-0.000222061746172, 0.00169725448359, -0.00248683011159, 0.000896239187568, -0.00131214899011, 0.00679458770901, -0.0013519913191, -0.000391608977225, 0.00148919236381, -0.00310346018523, -0.000537929823622, 0.00231798621826, 0.00123627122957], [5.6100693655e-06, -0.00193800462876, 0.000580281601287, -0.000557405117434, 0.000906577915885, -0.0013519913191, 0.00492842588574, -0.00121277477592, -0.000712547509465, -0.00124128756579, 0.0012786895968, -0.00243147066794, 0.00196762150154], [-0.000126971470308, 0.00203962554224, -0.000355139141902, 0.000649528461508, -0.000917887547985, -0.000391608977225, -0.00121277477592, 0.00963999610394, -0.00395123101771, 0.000321832631016, -0.00238294433802, 0.00237507140264, -0.00433341506869], [-0.000134409914608, -0.00235409266315, 0.000121237186249, -0.00101998622995, -0.000926285225432, 0.00148919236381, -0.000712547509465, -0.00395123101771, 0.015692487359, -0.00745588494465, 0.00309828249738, -0.00286564626731, 0.000843450194225], [3.51867893187e-05, 0.00353930983692, 2.76303599094e-05, 0.00233793165535, -0.000296408397844, -0.00310346018523, -0.00124128756579, 0.000321832631016, -0.00745588494465, 0.0207135342062, -0.00977956317365, 0.00350295193493, 3.72728063667e-05], [0.000106593121018, -0.00369280250743, -0.000325392466038, 0.000442513613962, -0.00016361134476, -0.000537929823622, 0.0012786895968, -0.00238294433802, 0.00309828249738, -0.00977956317365, 0.0223949328065, -0.0122159793973, 0.00267029507086], [-2.88716437353e-05, 0.0032682211604, -0.000127466279082, -0.00157163047697, 0.000174450295162, 0.00231798621826, -0.00243147066794, 0.00237507140264, -0.00286564626731, 0.00350295193493, -0.0122159793973, 0.0265655275434, -0.00942619331181], [-0.000311339594191, -0.000392572663259, -0.00107028579805, 0.00350869772956, -0.00166125129908, 0.00123627122957, 0.00196762150154, -0.00433341506869, 0.000843450194225, 3.72728063667e-05, 0.00267029507086, -0.00942619331181, 0.0246336851269]]
    },
    "melbands": {
        "dmean": [0.00271982722916, 0.00140580709558, 0.000278316321783, 0.000471557868877, 0.000262471323367, 0.000187937563169, 0.00016484085063, 0.000123274206999, 0.000188733887626, 0.000126668004668, 0.000196153720026, 6.0094971559e-05, 2.47358293564e-05, 1.78431982931e-05, 1.31394863274e-05, 7.63806474424e-06, 1.4735833247e-05, 4.5586602937e-06, 5.76356387683e-06, 7.87131466495e-06, 6.39325935481e-06, 3.87239970223e-06, 3.69855729332e-06, 2.51812707575e-06, 2.42228134084e-06, 2.41386328526e-06, 1.3482194845e-06, 1.39942767419e-06, 1.27847170006e-06, 1.7298137891e-06, 1.52320842517e-06, 1.753252036e-06, 1.13063674689e-06, 7.77572211064e-07, 5.04411502789e-07, 3.70525185645e-07, 3.30118098191e-07, 3.30836229523e-07, 2.96253290344e-07, 4.77420272205e-08],
        "dmean2": [0.00489440187812, 0.0025496953167, 0.000477021123515, 0.000768359168433, 0.00036260613706, 0.000270428456133, 0.000244709139224, 0.000176906309207, 0.000255060411291, 0.00016797837452, 0.000284035864752, 9.10829694476e-05, 3.69835470337e-05, 2.54475235124e-05, 1.98369580175e-05, 1.19048208944e-05, 2.04590451176e-05, 6.97051746101e-06, 9.07227786229e-06, 1.15186821859e-05, 9.4508204711e-06, 5.43841360923e-06, 5.3003609537e-06, 3.88827584175e-06, 3.51808216692e-06, 3.63070921594e-06, 2.05715173252e-06, 2.12512190956e-06, 2.06321556107e-06, 2.65917901743e-06, 2.27839518629e-06, 2.80705694422e-06, 1.6162986185e-06, 1.11886447485e-06, 7.1068438956e-07, 4.96589848353e-07, 4.72659252182e-07, 4.7767889555e-07, 4.31771866261e-07, 7.28970519503e-08],
        "dvar": [0.000115515220386, 2.2070871637e-05, 3.38299741998e-07, 1.18349566947e-06, 2.28107708722e-07, 1.84404044035e-07, 3.57307754939e-07, 1.45519180705e-07, 4.36726736552e-07, 2.40097193682e-07, 5.75428089178e-07, 4.17919174822e-08, 3.1380578136e-09, 3.12511105882e-09, 1.14111442517e-09, 6.02572658437e-10, 8.18961787274e-09, 1.60907537294e-10, 5.9311178191e-10, 1.14140696894e-09, 7.55241591488e-10, 1.78413242513e-10, 3.52946782911e-10, 7.82895831497e-11, 2.61374134142e-11, 4.58940940806e-11, 1.9306252777e-11, 3.18812649891e-11, 2.32848341303e-11, 9.49078524104e-11, 9.73550406957e-11, 1.27177379738e-10, 2.99584905494e-11, 1.43808688916e-11, 5.71569094138e-12, 1.28302576896e-12, 7.88429759847e-13, 6.293502503e-13, 4.86517672937e-13, 1.33187401334e-14],
        "dvar2": [0.000331645744154, 6.3869949372e-05, 9.2639209015e-07, 2.75082948065e-06, 3.6937257164e-07, 3.73659929664e-07, 8.41521966777e-07, 3.0255480965e-07, 7.0683188369e-07, 3.82405744404e-07, 1.07833818674e-06, 8.95385525723e-08, 5.99834271142e-09, 4.71812855452e-09, 2.3873825139e-09, 1.35292554937e-09, 1.84159070216e-08, 3.56831203474e-10, 1.44658895973e-09, 2.37650521484e-09, 1.78920023242e-09, 2.95275581763e-10, 5.99047755845e-10, 1.62263424919e-10, 4.7540561765e-11, 1.01981444123e-10, 4.29789641376e-11, 7.63442364882e-11, 5.45975313571e-11, 2.22575680109e-10, 2.37195485475e-10, 3.20360321604e-10, 5.40066498467e-11, 2.64623149782e-11, 1.29860679501e-11, 2.40764504687e-12, 1.66350353631e-12, 1.35905718103e-12, 1.07019341306e-12, 2.72897820335e-14],
        "max": [0.131123512983, 0.042032673955, 0.00548630720004, 0.0132347652689, 0.00824518222362, 0.00787373352796, 0.0162471104413, 0.0114015256986, 0.012456565164, 0.0114310616627, 0.0177198816091, 0.00549235241488, 0.00109747913666, 0.00123903003987, 0.000608226167969, 0.000560654327273, 0.00257223448716, 0.000190301696421, 0.000606829591561, 0.000888116541319, 0.000583705317695, 0.000380380195566, 0.000534804945346, 0.000200100403163, 0.00011882113904, 0.000143398618093, 0.000103586622572, 0.000122033015941, 8.76721314853e-05, 0.000266276329057, 0.000191293715034, 0.000246678449912, 0.000140797288623, 9.13472104003e-05, 6.49618741591e-05, 2.68492385658e-05, 1.97147583094e-05, 1.23349282148e-05, 1.1296097e-05, 1.82119049441e-06],
        "mean": [0.00269167567603, 0.00162714195903, 0.000492602295708, 0.000762737530749, 0.000674731447361, 0.000444536824943, 0.000339881138643, 0.000227712385822, 0.000379902805435, 0.000259720342001, 0.000296656740829, 0.000104147780803, 4.10168031522e-05, 2.94050314551e-05, 2.10151993087e-05, 1.12256457214e-05, 2.08386991289e-05, 6.71915131534e-06, 7.89249861555e-06, 1.11333711175e-05, 9.90139687929e-06, 6.48723062113e-06, 6.22798324912e-06, 4.5710453378e-06, 4.24833706347e-06, 4.30500313087e-06, 2.38620941673e-06, 2.19587423089e-06, 1.89260958905e-06, 2.34970275415e-06, 2.14849887925e-06, 2.329772542e-06, 1.91125013771e-06, 1.28961346491e-06, 8.13990766346e-07, 6.0922349121e-07, 5.68171742543e-07, 5.333719173e-07, 4.73083815677e-07, 7.31372296059e-08],
        "median": [0.000546609226149, 0.000663783052005, 0.000265993992798, 0.000293709512334, 0.000262050307356, 0.000173933032784, 8.51405638969e-05, 6.38571436866e-05, 4.01971701649e-05, 3.40454607795e-05, 3.39618891303e-05, 1.5426932805e-05, 1.24906391648e-05, 9.53358085098e-06, 7.16572685633e-06, 2.92812455882e-06, 3.76914658773e-06, 1.92291099665e-06, 2.70978330263e-06, 2.69246083917e-06, 1.68230087638e-06, 1.52141478793e-06, 1.4315610315e-06, 1.40452766573e-06, 1.39067321925e-06, 1.06296022295e-06, 7.80453717653e-07, 6.68935513204e-07, 3.87545640024e-07, 2.70584564532e-07, 2.2861112825e-07, 2.09222264402e-07, 2.09393547834e-07, 1.68108869048e-07, 1.16541258421e-07, 1.17381965481e-07, 1.25738949919e-07, 1.16668296357e-07, 9.80059056133e-08, 1.46526364375e-08],
        "min": [8.88927937979e-16, 9.04103486141e-16, 9.34239436097e-16, 9.79206721201e-16, 1.0448244578e-15, 1.12649188056e-15, 1.2306692039e-15, 1.35591816587e-15, 1.49811742178e-15, 1.65886013473e-15, 1.82851734005e-15, 1.99665359184e-15, 2.15244815007e-15, 2.2770193798e-15, 2.34922322108e-15, 2.34794695419e-15, 2.2528698352e-15, 2.04875247084e-15, 1.73515948619e-15, 1.33385973385e-15, 8.87304811094e-16, 4.67417820706e-16, 1.54173773921e-16, 2.19974026268e-17, 9.78600060322e-17, 3.3549746843e-16, 6.05485355779e-16, 7.43656758267e-16, 6.47699519107e-16, 3.6976786561e-16, 1.03034345019e-16, 1.55457429191e-17, 6.7085552053e-17, 7.54830300747e-17, 3.11705146739e-17, 1.43993549625e-16, 3.82934066333e-16, 3.82981553118e-16, 1.38665685917e-16, 1.10641842394e-17],
        "var": [7.14671623427e-05, 1.43127435877e-05, 4.20932451561e-07, 2.36438472712e-06, 1.45097260429e-06, 6.22308107268e-07, 7.66195284996e-07, 3.54384496859e-07, 1.36981088872e-06, 1.04035984805e-06, 1.38943789807e-06, 1.09036086826e-07, 1.02372705868e-08, 9.24493459564e-09, 2.37894481891e-09, 9.92094517649e-10, 1.24316308359e-08, 2.81259210366e-10, 6.88201384769e-10, 2.36497932349e-09, 1.54210111347e-09, 5.40068711974e-10, 8.48968284561e-10, 1.71465799892e-10, 7.40606187488e-11, 1.27411525774e-10, 3.14264343715e-11, 3.56656128242e-11, 3.44387539319e-11, 1.71864578125e-10, 1.51087531375e-10, 1.993960691e-10, 9.18281700679e-11, 3.98586962047e-11, 1.25609748297e-11, 3.83935851861e-12, 2.23835511758e-12, 1.36599846018e-12, 9.83014451089e-13, 2.73767282715e-14]
    },
    "mfcc": {
        "mean": [-701.410522461, 146.899307251, 16.5208320618, 24.6227397919, -1.32861912251, -0.873634159565, -0.616417348385, 6.59204721451, -3.04481267929, 4.06114625931, -4.21190738678, 0.47278624773, -1.35601806641],
        "cov": [[7060.85302734, -430.916351318, 51.2627677917, 210.392318726, -232.167221069, 0.619484722614, -72.0658416748, 159.14414978, 98.4476394653, 77.6369552612, -5.84958219528, 84.5955047607, -95.4983291626], [-430.916351318, 1260.24145508, -294.595214844, -22.8478527069, 101.091957092, -47.9225158691, 81.1335830688, 26.8307933807, 13.1550607681, 99.2934494019, -2.07451081276, -29.2485904694, 35.3776359558], [51.2627677917, -294.595214844, 442.059265137, -28.351436615, 6.64694833755, 103.092483521, 34.6359329224, 11.1105175018, 2.2612118721, -24.8998451233, 35.2333984375, 40.5640182495, -29.5819835663], [210.392318726, -22.8478527069, -28.351436615, 266.30770874, 56.4433135986, 2.07626914978, -17.3795890808, 55.4615058899, 1.31188571453, -5.83012771606, -19.9229927063, -14.4194431305, -9.66206073761], [-232.167221069, 101.091957092, 6.64694833755, 56.4433135986, 355.988525391, 14.5849533081, 1.7900468111, -2.39591526985, 11.3753128052, -5.10400438309, -34.3800582886, 44.363697052, -2.44335174561], [0.619484722614, -47.9225158691, 103.092483521, 2.07626914978, 14.5849533081, 210.417556763, 64.8645706177, 28.4697704315, 2.38905286789, 28.9467792511, 27.6042041779, 11.146487236, 2.41735672951], [-72.0658416748, 81.1335830688, 34.6359329224, -17.3795890808, 1.7900468111, 64.8645706177, 148.39743042, 34.4667167664, 25.0114078522, 25.2190151215, 41.6125297546, 3.24379205704, 18.1821727753], [159.14414978, 26.8307933807, 11.1105175018, 55.4615058899, -2.39591526985, 28.4697704315, 34.4667167664, 105.110412598, 29.1485862732, 26.8851547241, 11.4925737381, 1.45018279552, 14.8058614731], [98.4476394653, 13.1550607681, 2.2612118721, 1.31188571453, 11.3753128052, 2.38905286789, 25.0114078522, 29.1485862732, 101.529815674, 34.682926178, 27.2809391022, 1.84559559822, 20.9922924042], [77.6369552612, 99.2934494019, -24.8998451233, -5.83012771606, -5.10400438309, 28.9467792511, 25.2190151215, 26.8851547241, 34.682926178, 119.486801147, 35.7925949097, 3.07701015472, 10.6129426956], [-5.84958219528, -2.07451081276, 35.2333984375, -19.9229927063, -34.3800582886, 27.6042041779, 41.6125297546, 11.4925737381, 27.2809391022, 35.7925949097, 109.940856934, 12.7597570419, 23.2493782043], [84.5955047607, -29.2485904694, 40.5640182495, -14.4194431305, 44.363697052, 11.146487236, 3.24379205704, 1.45018279552, 1.84559559822, 3.07701015472, 12.7597570419, 95.1657562256, 16.1371078491], [-95.4983291626, 35.3776359558, -29.5819835663, -9.66206073761, -2.44335174561, 2.41735672951, 18.1821727753, 14.8058614731, 20.9922924042, 10.6129426956, 23.2493782043, 16.1371078491, 100.706222534]],
