{
"lowlevel": {
    "average_loudness": 0.951719164848,
    "barkbands_crest": {
        "dmean": 3.06924414635,
        "dmean2": 5.2221326828,
        "dvar": 9.88589572906,
        "dvar2": 24.3125114441,
        "max": 24.5960445404,
        "mean": 7.79387521744,
        "median": 6.53375005722,
        "min": 2.45706439018,
        "var": 15.484708786
    },
    "barkbands_flatness_db": {
        "dmean": 0.0236362051219,
        "dmean2": 0.0393395833671,
        "dvar": 0.000438933522673,
        "dvar2": 0.00113277253695,
        "max": 0.341169178486,
        "mean": 0.139328822494,
        "median": 0.133734315634,
        "min": 0.0325334146619,
        "var": 0.000970573513769
    },
    "barkbands_kurtosis": {
        "dmean": 1.41905641556,
        "dmean2": 2.25299310684,
        "dvar": 20.371427536,
        "dvar2": 37.5247001648,
        "max": 112.894767761,
        "mean": 0.0773585736752,
        "median": -0.664356946945,
        "min": -1.86674904823,
        "var": 23.6544017792
    },
    "barkbands_skewness": {
        "dmean": 0.635056197643,
        "dmean2": 0.975822150707,
        "dvar": 0.406079381704,
        "dvar2": 0.875529050827,
        "max": 9.09738254547,
        "mean": 0.260707378387,
        "median": 0.140094593167,
        "min": -1.88877296448,
        "var": 1.01644408703
    },
    "barkbands_spread": {
        "dmean": 8.98762130737,
        "dmean2": 14.0132551193,
        "dvar": 68.5072021484,
        "dvar2": 165.453720093,
        "max": 91.3530502319,
        "mean": 37.0295562744,
        "median": 36.1663169861,
        "min": 1.65916824341,
        "var": 207.244598389
    },
    "dissonance": {
        "dmean": 0.0115936789662,
        "dmean2": 0.0190633516759,
        "dvar": 0.000354530871846,
        "dvar2": 0.000643234176096,
        "max": 0.499999910593,
        "mean": 0.483162015676,
        "median": 0.490888059139,
        "min": 0,
        "var": 0.000512260245159
    },
    "dynamic_complexity": 2.26336288452,
    "erbbands_crest": {
        "dmean": 2.39100670815,
        "dmean2": 3.95827889442,
        "dvar": 5.70609664917,
        "dvar2": 13.0821962357,
        "max": 24.360370636,
        "mean": 7.86412668228,
        "median": 6.86824131012,
        "min": 2.80283856392,
        "var": 12.2115354538
    },
    "erbbands_flatness_db": {
        "dmean": 0.0169328022748,
        "dmean2": 0.025282939896,
        "dvar": 0.000215242893319,
        "dvar2": 0.000449358485639,
        "max": 0.289572656155,
        "mean": 0.19231338799,
        "median": 0.189892873168,
        "min": 0.0637252032757,
        "var": 0.000921740313061
    },
    "erbbands_kurtosis": {
        "dmean": 1.12422442436,
        "dmean2": 1.70536243916,
        "dvar": 1.47449743748,
        "dvar2": 3.34280109406,
        "max": 22.9607467651,
        "mean": 0.774621844292,
        "median": 0.32893872261,
        "min": -1.62279164791,
        "var": 3.42113137245
    },
    "erbbands_skewness": {
        "dmean": 0.403405368328,
        "dmean2": 0.591842353344,
        "dvar": 0.133151143789,
        "dvar2": 0.261913597584,
        "max": 2.07477521896,
        "mean": -0.499711662531,
        "median": -0.597173213959,
        "min": -3.00337600708,
        "var": 0.717807412148
    },
    "erbbands_spread": {
        "dmean": 9.55885601044,
        "dmean2": 14.7585582733,
        "dvar": 91.6896362305,
        "dvar2": 211.800216675,
        "max": 109.401924133,
        "mean": 34.2176551819,
        "median": 31.7973804474,
        "min": 5.41812086105,
        "var": 198.09034729
    },
    "hfc": {
        "dmean": 9.74707698822,
        "dmean2": 14.5924596786,
        "dvar": 112.530853271,
        "dvar2": 252.706207275,
        "max": 136.838165283,
        "mean": 33.1659507751,
        "median": 30.5070018768,
        "min": 2.3060347587e-07,
        "var": 346.081573486
    },
    "melbands_crest": {
        "dmean": 4.04395675659,
        "dmean2": 6.68441867828,
        "dvar": 11.1704216003,
        "dvar2": 28.6297016144,
        "max": 34.0714492798,
        "mean": 11.2649059296,
        "median": 10.6135730743,
        "min": 2.40002894402,
        "var": 22.5832176208
    },
    "melbands_flatness_db": {
        "dmean": 0.031985361129,
        "dmean2": 0.0495702810585,
        "dvar": 0.00099659000989,
        "dvar2": 0.00228303088807,
        "max": 0.40438207984,
        "mean": 0.11193035543,
        "median": 0.105917662382,
        "min": 0.0140094971284,
        "var": 0.00282307784073
    },
    "melbands_kurtosis": {
        "dmean": 4.99792289734,
        "dmean2": 8.12467098236,
        "dvar": 124.187042236,
        "dvar2": 250.732040405,
        "max": 234.521408081,
        "mean": 4.18756055832,
        "median": 0.972421884537,
        "min": -1.6160132885,
        "var": 158.435028076
    },
    "melbands_skewness": {
        "dmean": 0.886277556419,
        "dmean2": 1.39792704582,
        "dvar": 0.962286412716,
        "dvar2": 2.25921750069,
        "max": 11.1593904495,
        "mean": 1.5090200901,
        "median": 1.15797626972,
        "min": -0.696871995926,
        "var": 1.88521897793
    },
    "melbands_spread": {
        "dmean": 19.3584747314,
        "dmean2": 30.0241413116,
        "dvar": 372.006225586,
        "dvar2": 831.736633301,
        "max": 205.44644165,
        "mean": 60.740852356,
        "median": 52.7104148865,
        "min": 1.07134187222,
        "var": 1084.22155762
    },
    "pitch_salience": {
        "dmean": 0.0885195359588,
        "dmean2": 0.142223417759,
        "dvar": 0.00745909009129,
        "dvar2": 0.0181725881994,
        "max": 0.976505815983,
        "mean": 0.634480893612,
        "median": 0.660841047764,
        "min": 0.105342701077,
        "var": 0.0139943379909
    },
    "silence_rate_20dB": {
        "dmean": 0,
        "dmean2": 0,
        "dvar": 0,
        "dvar2": 0,
        "max": 1,
        "mean": 1,
        "median": 1,
        "min": 1,
        "var": 0
    },
    "silence_rate_30dB": {
        "dmean": 0,
        "dmean2": 0,
        "dvar": 0,
        "dvar2": 0,
        "max": 1,
        "mean": 1,
        "median": 1,
        "min": 1,
        "var": 0
    },
    "silence_rate_60dB": {
        "dmean": 0.00927357003093,
        "dmean2": 0.0185614842921,
        "dvar": 0.00918744690716,
        "dvar2": 0.0228573326021,
        "max": 1,
        "mean": 0.0239382237196,
        "median": 0,
        "min": 0,
        "var": 0.0233645308763
    },
    "spectral_centroid": {
        "dmean": 374.448913574,
        "dmean2": 559.263244629,
        "dvar": 160825.234375,
        "dvar2": 271622.40625,
        "max": 11267.7128906,
        "mean": 2641.46411133,
        "median": 2722.71191406,
        "min": 241.756332397,
        "var": 496478.5
    },
    "spectral_complexity": {
        "dmean": 5.83153009415,
        "dmean2": 8.5274553299,
        "dvar": 28.2312755585,
        "dvar2": 52.0095214844,
        "max": 57,
        "mean": 35.0239372253,
        "median": 38,
        "min": 0,
        "var": 140.536071777
    },
    "spectral_decrease": {
        "dmean": 2.6036375278e-09,
        "dmean2": 4.29118562906e-09,
        "dvar": 1.26982522426e-17,
        "dvar2": 3.30355025528e-17,
        "max": -2.05046410605e-17,
        "mean": -4.87256324178e-09,
        "median": -3.90587073795e-09,
        "min": -2.32406343059e-08,
        "var": 1.53332220218e-17
    },
    "spectral_energy": {
        "dmean": 0.0104586090893,
        "dmean2": 0.017041746527,
        "dvar": 0.000193371539353,
        "dvar2": 0.000501339498442,
        "max": 0.0938383489847,
        "mean": 0.0213984288275,
        "median": 0.017577983439,
        "min": 9.83057385495e-11,
        "var": 0.000249896605965
    },
    "spectral_energyband_high": {
        "dmean": 0.00112935900688,
        "dmean2": 0.00177349313162,
        "dvar": 1.71503825186e-06,
        "dvar2": 4.14714213548e-06,
        "max": 0.017496958375,
        "mean": 0.00284852855839,
        "median": 0.00250329868868,
        "min": 1.6989026505e-11,
        "var": 3.78316849492e-06
    },
    "spectral_energyband_low": {
        "dmean": 0.00574834039435,
        "dmean2": 0.0102224545553,
        "dvar": 0.000142306525959,
        "dvar2": 0.000386927538784,
        "max": 0.0685205534101,
        "mean": 0.00487085012719,
        "median": 0.0014169185888,
        "min": 7.27458674896e-12,
        "var": 9.98719697236e-05
    },
    "spectral_energyband_middle_high": {
        "dmean": 0.00219610566273,
        "dmean2": 0.0031917791348,
        "dvar": 6.28612588116e-06,
        "dvar2": 1.35221653181e-05,
        "max": 0.0318598337471,
        "mean": 0.00743032991886,
        "median": 0.00533857336268,
        "min": 4.58176725726e-11,
        "var": 3.31610281137e-05
    },
    "spectral_energyband_middle_low": {
        "dmean": 0.00457417359576,
        "dmean2": 0.00742642488331,
        "dvar": 5.59412837902e-05,
        "dvar2": 0.000145914367749,
        "max": 0.0703434497118,
        "mean": 0.00677860016003,
        "median": 0.00380879477598,
        "min": 2.93235886961e-11,
        "var": 6.64187246002e-05
    },
    "spectral_entropy": {
        "dmean": 0.106561005116,
        "dmean2": 0.148002997041,
        "dvar": 0.0103993313387,
        "dvar2": 0.0186356939375,
        "max": 9.80016994476,
        "mean": 7.90900754929,
        "median": 7.91462182999,
        "min": 6.82195615768,
        "var": 0.0455533675849
    },
    "spectral_flux": {
        "dmean": 0.0298643354326,
        "dmean2": 0.0463117994368,
        "dvar": 0.00103714712895,
        "dvar2": 0.00194936862681,
        "max": 0.270220726728,
        "mean": 0.0998384356499,
        "median": 0.0900848209858,
        "min": 0.000324261927744,
        "var": 0.00216777436435
    },
    "spectral_kurtosis": {
        "dmean": 1.26000452042,
        "dmean2": 2.21021842957,
        "dvar": 1.57300508022,
        "dvar2": 4.70495605469,
        "max": 15.2327213287,
        "mean": 1.74227249622,
        "median": 1.43667507172,
        "min": -1.16183626652,
        "var": 1.99656128883
    },
    "spectral_rms": {
        "dmean": 0.00100147735793,
        "dmean2": 0.00155318784527,
        "dvar": 1.25093663428e-06,
        "dvar2": 3.10707832796e-06,
        "max": 0.00956815574318,
        "mean": 0.00428798701614,
        "median": 0.00414116540924,
        "min": 3.09690221911e-07,
        "var": 2.48966807703e-06
    },
    "spectral_rolloff": {
        "dmean": 916.459716797,
        "dmean2": 1473.15014648,
        "dvar": 997804.9375,
        "dvar2": 2323013.5,
        "max": 9302.34375,
        "mean": 3579.58300781,
        "median": 3854.44335938,
        "min": 21.533203125,
        "var": 2550831.75
    },
    "spectral_skewness": {
        "dmean": 0.201257064939,
        "dmean2": 0.332917004824,
        "dvar": 0.0346476361156,
        "dvar2": 0.0929275080562,
        "max": 2.6016767025,
        "mean": 0.610999643803,
        "median": 0.595571100712,
        "min": -0.268936485052,
        "var": 0.0712510719895
    },
    "spectral_spread": {
        "dmean": 430428.1875,
        "dmean2": 571657.625,
        "dvar": 1.17164788941e+12,
        "dvar2": 1.03490964685e+12,
        "max": 38939892,
        "mean": 3594981.25,
        "median": 3449359.5,
        "min": 1834354.5,
        "var": 2.05324314214e+12
    },
    "spectral_strongpeak": {
        "dmean": 0.794279158115,
        "dmean2": 1.3309006691,
        "dvar": 1.06040394306,
        "dvar2": 2.61346960068,
        "max": 7.6984705925,
        "mean": 1.17746913433,
        "median": 0.460363209248,
        "min": 0,
        "var": 1.95383989811
    },
    "zerocrossingrate": {
        "dmean": 0.0156597159803,
        "dmean2": 0.017651008442,
        "dvar": 0.000188556092326,
        "dvar2": 0.000228244854952,
        "max": 0.27734375,
        "mean": 0.110751613975,
        "median": 0.10595703125,
        "min": 0.00048828125,
        "var": 0.00150123878848
    },
    "barkbands": {
        "dmean": [5.56627819606e-05, 0.00434928014874, 0.00142743519973, 0.000637614866719, 0.00160867616069, 0.000653552240692, 0.000797403394245, 0.000724421115592, 0.00144216232002, 0.000559964682907, 0.000538885418791, 0.000540861918125, 0.000506472191773, 0.000394228700316, 0.000365381623851, 0.000360070815077, 0.000444809440523, 0.000320365797961, 0.000258543033851, 0.000365604209946, 0.000550537602976, 0.000240111810854, 0.000191521889064, 0.000157586633577, 3.57458520739e-05, 8.23139112427e-10, 8.32540369977e-10],
        "dmean2": [9.52592308749e-05, 0.00789876189083, 0.00254644919187, 0.00111413514242, 0.00290442979895, 0.00107056263369, 0.00132614700124, 0.00121654826216, 0.00226260884665, 0.00087326602079, 0.000792431237642, 0.000830997014418, 0.000736963178497, 0.000610143120866, 0.000555618142243, 0.000590072537307, 0.000724823621567, 0.000516583386343, 0.000418965704739, 0.000600259634666, 0.000918664038181, 0.000381830031984, 0.000293748191325, 0.000229222423513, 5.64745350857e-05, 1.53011825432e-09, 1.54789225881e-09],
        "dvar": [1.36746143298e-08, 9.71219487838e-05, 7.32348462407e-06, 8.87564112872e-07, 1.53045621119e-05, 2.90459138341e-06, 3.3343017094e-06, 3.91497951568e-06, 1.10664359454e-05, 1.99939654522e-06, 1.69986219589e-06, 1.59341016115e-06, 1.2338673514e-06, 7.94827940354e-07, 7.01450801444e-07, 5.55296310267e-07, 4.08788451978e-07, 1.0558908059e-07, 8.69505214496e-08, 1.43991471191e-07, 3.56864489959e-07, 1.27032478758e-07, 1.07057076093e-07, 9.86607702202e-08, 1.02972403937e-08, 1.22790660594e-18, 1.28301420553e-18],
        "dvar2": [3.66941890206e-08, 0.000264621397946, 2.02463616006e-05, 2.511710818e-06, 4.32469569205e-05, 7.30599867893e-06, 7.30658439352e-06, 9.48354499997e-06, 2.55147315329e-05, 4.81221968585e-06, 3.53475206794e-06, 3.58789247912e-06, 2.60762294602e-06, 1.75925083568e-06, 1.47633659253e-06, 1.3281255633e-06, 1.08467202153e-06, 2.62213831093e-07, 2.11442170439e-07, 3.61172112662e-07, 9.70897076513e-07, 3.10852243501e-07, 2.47155497846e-07, 1.9937738216e-07, 1.96367793137e-08, 3.89629985858e-18, 4.07434924466e-18],
        "max": [0.00183064187877, 0.0519875586033, 0.0215509235859, 0.00919429026544, 0.0307884067297, 0.0176963172853, 0.0273404940963, 0.0266891904175, 0.0455669686198, 0.0195534862578, 0.0228156149387, 0.0152640072629, 0.0144141856581, 0.0139518436044, 0.0123264361173, 0.0140667557716, 0.0126799680293, 0.00521665997803, 0.00442741299048, 0.00599984079599, 0.00516077363864, 0.00724181905389, 0.00441733328626, 0.00568208703771, 0.00273577589542, 9.58418677754e-09, 1.01940802466e-08],
        "mean": [5.39383945579e-05, 0.0030472970102, 0.00137227156665, 0.000762398180086, 0.00144153693691, 0.00074616848724, 0.000921069236938, 0.00072889495641, 0.00188638432883, 0.000807998818345, 0.000885331130121, 0.000818963511847, 0.000828008458484, 0.000537101179361, 0.000517998007126, 0.000628094072454, 0.000913076044526, 0.000731693871785, 0.000601153762545, 0.00083289394388, 0.00134979607537, 0.000392800604459, 0.000306456466205, 0.000236645559198, 5.04566705786e-05, 6.48312015183e-10, 6.47839726309e-10],
        "median": [2.28549652093e-05, 0.000466649478767, 0.000447771075414, 0.000509587407578, 0.000504736090079, 0.000263518217253, 0.000215753389057, 0.000105230712506, 0.000320513383485, 0.000168034923263, 0.000167352671269, 0.000222259783186, 0.000188619218534, 0.000182160147233, 0.000218765169848, 0.000438763410784, 0.000761927280109, 0.000657219847199, 0.00051515881205, 0.000751258747187, 0.00131170416716, 0.00022849511879, 0.000154463734361, 8.79360450199e-05, 1.90469927475e-05, 2.73939843032e-10, 2.6655647134e-10],
        "min": [2.08483274047e-12, 3.12275856215e-12, 2.07502027713e-12, 2.06647719769e-12, 5.11112549853e-12, 4.99779384544e-12, 4.8395037977e-12, 4.63453667804e-12, 6.05350752164e-12, 5.43155537908e-12, 4.69714761878e-12, 4.83069183613e-12, 3.7098301861e-12, 2.23301954184e-12, 8.55326280722e-13, 2.15226396275e-13, 1.64702041068e-12, 6.07884445905e-12, 1.12236843083e-11, 1.00542352222e-11, 2.67341834434e-12, 1.29336146827e-12, 2.44701069303e-12, 4.5277280189e-12, 1.2014562522e-12, 7.08254188262e-14, 1.17072040471e-14],
        "var": [1.11963034399e-08, 6.38513956801e-05, 5.99930444878e-06, 8.28106351491e-07, 9.92783952825e-06, 2.95085146718e-06, 4.92071148983e-06, 3.92373749492e-06, 2.00500453502e-05, 3.93202208215e-06, 3.91432058677e-06, 3.09409483634e-06, 3.49463698512e-06, 1.29652005398e-06, 1.08679046207e-06, 9.15693078696e-07, 6.31093314496e-07, 2.4033590762e-07, 1.99658074962e-07, 3.10801596015e-07, 6.20163405074e-07, 2.13203222188e-07, 1.96386892526e-07, 1.99011523705e-07, 1.61244297914e-08, 9.83619801734e-19, 1.02079143731e-18]
    },
    "erbbands": {
        "dmean": [0.0865995883942, 1.09163379669, 1.91761875153, 1.76249480247, 3.91646766663, 6.23255872726, 3.48790812492, 6.25985527039, 9.1676158905, 14.7323856354, 16.7831420898, 30.344455719, 27.0435142517, 17.1720695496, 19.9461765289, 21.46941185, 21.2093086243, 20.3439559937, 17.7041225433, 15.6161184311, 20.5678710938, 23.2581977844, 18.0585460663, 14.3210449219, 12.7328796387, 16.3901252747, 26.1272220612, 16.4302997589, 8.36141681671, 7.5608291626, 5.00830507278, 3.74955129623, 2.42634010315, 0.730194985867, 0.0199683662504, 0.000868715695105, 9.55784344114e-05, 1.87868008652e-05, 9.00894701772e-06, 1.32779177875e-05],
        "dmean2": [0.156692281365, 1.97761321068, 3.42858743668, 3.07570552826, 7.06238651276, 11.2759914398, 5.76501893997, 10.2734546661, 15.6488409042, 23.5746879578, 27.3556804657, 47.7837371826, 40.0807304382, 24.3224868774, 30.2515468597, 31.6315135956, 30.5244293213, 30.8891105652, 27.2932128906, 24.2219543457, 33.5348434448, 37.7709083557, 29.0949077606, 23.5702838898, 20.3980102539, 26.7956523895, 43.7176361084, 27.0557327271, 13.2554016113, 11.9907636642, 7.58648586273, 5.61104917526, 3.51884698868, 1.11857318878, 0.0305174570531, 0.00130515149795, 0.000140325064422, 2.72178403975e-05, 1.35579666676e-05, 2.08847977774e-05],
        "dvar": [0.036332629621, 6.11309576035, 15.1299705505, 6.29336690903, 76.7724227905, 239.385147095, 56.5677947998, 320.117645264, 383.296783447, 1221.00183105, 2157.29296875, 5790.04492188, 4331.15478516, 1353.05480957, 2369.34619141, 2078.19311523, 2189.07373047, 2330.64770508, 1658.17736816, 934.204589844, 1711.58093262, 1131.50817871, 364.932128906, 201.408187866, 270.04586792, 292.610839844, 677.626220703, 326.591705322, 116.435035706, 164.662567139, 73.3852233887, 56.4968833923, 26.376958847, 3.48123049736, 0.00253498274833, 4.39458199253e-06, 4.4796241383e-08, 1.38852362941e-09, 1.50211343364e-10, 2.6978735912e-10],
        "dvar2": [0.0991714596748, 16.6504364014, 41.7799263, 16.9373073578, 217.89730835, 676.671630859, 141.94203186, 824.168334961, 962.940063477, 2454.0793457, 5084.84423828, 13701.8388672, 9482.92773438, 2350.06298828, 5470.84179688, 4220.47607422, 4399.73535156, 5020.45703125, 3465.32836914, 2054.5, 4160.74804688, 2977.18359375, 912.230102539, 519.739501953, 628.552307129, 769.447570801, 1828.02978516, 899.602172852, 281.725799561, 391.964630127, 165.24055481, 125.062393188, 51.177192688, 6.60952615738, 0.0048133158125, 8.30396311358e-06, 8.52708836874e-08, 2.68796918057e-09, 3.28867016952e-10, 6.953007059e-10],
        "max": [1.17642569542, 12.4434213638, 30.5235290527, 26.6185760498, 65.1144561768, 116.528701782, 106.953186035, 195.939361572, 216.245178223, 568.768615723, 742.861877441, 979.069274902, 1020.90142822, 595.833190918, 652.323486328, 571.980285645, 793.683532715, 799.07434082, 680.69519043, 555.198181152, 962.473083496, 739.77557373, 354.270355225, 145.60697937, 301.826751709, 191.882797241, 234.28427124, 144.28578186, 147.404022217, 282.821228027, 113.72518158, 131.392486572, 105.326889038, 47.7818412781, 1.27321314812, 0.0527178831398, 0.00518483435735, 0.000874754332472, 0.000225645679166, 0.000123612058815],
        "mean": [0.0625651329756, 0.765500605106, 1.67653536797, 2.22305941582, 3.80190777779, 5.30770778656, 3.98758029938, 6.89067983627, 9.853307724, 17.0833091736, 18.6427497864, 38.7266197205, 38.8073425293, 31.0948238373, 32.6688995361, 35.6395187378, 38.3379058838, 30.4591846466, 26.1540813446, 26.7952861786, 40.8395614624, 51.4173278809, 42.4976425171, 34.6561431885, 29.2296295166, 39.1251411438, 63.7253265381, 36.6488189697, 14.8216981888, 11.8202438354, 8.09556770325, 5.48375415802, 3.71161365509, 1.12363231182, 0.0309257768095, 0.00142136821523, 0.0001720556902, 3.7590158172e-05, 2.27188647841e-05, 3.10952673317e-05],
        "median": [0.0124779408798, 0.109058365226, 0.435747802258, 1.40451073647, 1.68824386597, 1.72856104374, 1.72015595436, 2.25791788101, 3.27473974228, 3.33038139343, 3.63652801514, 7.12870025635, 7.65858459473, 7.22272157669, 8.92044639587, 9.86557388306, 9.79529380798, 9.94091892242, 10.9871177673, 15.6127996445, 31.2861423492, 43.4376525879, 37.87084198, 31.4125385284, 24.0578556061, 35.1861114502, 61.8259353638, 34.2325019836, 9.44829750061, 6.11400365829, 3.98163080215, 2.09252691269, 1.39428770542, 0.42893961072, 0.0118265636265, 0.000585064408369, 8.21121357149e-05, 2.16859134525e-05, 1.85889821296e-05, 2.69486899924e-05],
        "min": [1.13881959418e-10, 6.34424124346e-10, 2.13700412921e-09, 5.16912468385e-09, 1.0379548776e-08, 1.83330008952e-08, 2.95069817469e-08, 4.42534755507e-08, 6.27028526878e-08, 8.46700771717e-08, 1.09524314951e-07, 1.3597136217e-07, 1.61792414133e-07, 1.83595844305e-07, 1.9663453088e-07, 1.95200314579e-07, 1.73959406879e-07, 1.31132466663e-07, 7.38437364589e-08, 2.42393589645e-08, 2.08687715997e-08, 1.05090649072e-07, 2.84830235842e-07, 4.91524531299e-07, 5.86947749071e-07, 4.72454246392e-07, 2.22849322995e-07, 4.08531022345e-08, 3.29712399605e-08, 9.43651912166e-08, 6.12551360746e-08, 4.86310369752e-08, 9.91749971035e-08, 2.7542293779e-08, 2.11100403824e-09, 5.11752362709e-10, 1.76000020113e-10, 5.48868901717e-11, 1.16566348587e-11, 1.26882358786e-12],
        "var": [0.0242085438222, 4.02988672256, 11.0141544342, 6.94928503036, 51.1234321594, 153.700012207, 68.4470825195, 299.84866333, 387.937683105, 2058.55493164, 2330.359375, 8442.42285156, 9152.1953125, 4216.40332031, 4093.31079102, 5009.40380859, 7124.87158203, 4073.4284668, 2509.53271484, 1541.66259766, 3199.38696289, 1824.67431641, 865.357910156, 465.242523193, 635.19128418, 649.236938477, 1347.45214844, 528.361572266, 225.189712524, 266.632537842, 142.05770874, 101.31602478, 51.6619873047, 6.05883646011, 0.00443844497204, 8.04232240625e-06, 8.63401368179e-08, 2.82756151826e-09, 3.04776370808e-10, 4.10509293225e-10]
    },
    "gfcc": {
        "mean": [-0.745493710041, 88.6376190186, -173.378494263, 77.9595870972, -77.1688995361, 18.6846942902, -26.251329422, -1.25245320797, -9.66589927673, -19.3289527893, -0.699212789536, -19.8845748901, 7.34397172928],
        "cov": [[3595.17700195, -77.8299560547, -196.532363892, -109.849815369, -346.411987305, 57.5954780579, -108.100593567, -6.13018465042, -7.01973342896, 36.9351539612, -0.9040569067, -40.6770973206, -49.4342193604], [-77.8299560547, 642.607116699, -28.4364128113, -114.015914917, 139.683044434, -43.4657058716, 235.455245972, -46.4090652466, 57.4676208496, -10.0073490143, 45.7725906372, -25.1269016266, 9.27802562714], [-196.532363892, -28.4364128113, 483.653594971, 204.509994507, -3.31663417816, 108.603431702, -130.210723877, 57.0487289429, 29.9584140778, 14.269241333, 18.897195816, 8.02433300018, -14.0733823776], [-109.849815369, -114.015914917, 204.509994507, 363.059509277, 129.644500732, 18.9369812012, -57.3435211182, 12.2865180969, 60.403553009, 30.214263916, 5.3466258049, 44.5729827881, 19.8029766083], [-346.411987305, 139.683044434, -3.31663417816, 129.644500732, 255.007553101, 51.8474578857, 118.69039917, -3.66212892532, 38.6749191284, 19.2422828674, 26.6079654694, 9.78133869171, 27.3110141754], [57.5954780579, -43.4657058716, 108.603431702, 18.9369812012, 51.8474578857, 185.187072754, 33.7541503906, 47.302066803, -12.3269042969, -4.67347478867, 23.0864772797, -4.6802072525, -12.8094205856], [-108.100593567, 235.455245972, -130.210723877, -57.3435211182, 118.69039917, 33.7541503906, 293.429840088, 29.8051319122, 30.6320343018, -23.3349323273, 22.4529495239, 6.14888143539, 8.80379486084], [-6.13018465042, -46.4090652466, 57.0487289429, 12.2865180969, -3.66212892532, 47.302066803, 29.8051319122, 104.079620361, 29.6651706696, 11.1830692291, -4.33908224106, -8.48496246338, 11.5126104355], [-7.01973342896, 57.4676208496, 29.9584140778, 60.403553009, 38.6749191284, -12.3269042969, 30.6320343018, 29.6651706696, 109.353858948, 47.8876609802, 7.75339603424, -0.126460522413, 2.03384399414], [36.9351539612, -10.0073490143, 14.269241333, 30.214263916, 19.2422828674, -4.67347478867, -23.3349323273, 11.1830692291, 47.8876609802, 81.8156738281, 31.2454319, -0.459149509668, 4.58759689331], [-0.9040569067, 45.7725906372, 18.897195816, 5.3466258049, 26.6079654694, 23.0864772797, 22.4529495239, -4.33908224106, 7.75339603424, 31.2454319, 69.4660568237, 30.3366928101, 0.0439782105386], [-40.6770973206, -25.1269016266, 8.02433300018, 44.5729827881, 9.78133869171, -4.6802072525, 6.14888143539, -8.48496246338, -0.126460522413, -0.459149509668, 30.3366928101, 62.1883621216, 22.9818878174], [-49.4342193604, 9.27802562714, -14.0733823776, 19.8029766083, 27.3110141754, -12.8094205856, 8.80379486084, 11.5126104355, 2.03384399414, 4.58759689331, 0.0439782105386, 22.9818878174, 55.0499191284]],
        "icov": [[0.00054299866315, -0.000963803380728, 0.00137513433583, -0.00150475651026, 0.00210944749415, -0.00166730757337, 0.000579394283704, -0.000283929141006, 0.000227211174206, -0.000575606653001, 2.73594923783e-05, 0.000300370593322, -1.07155319711e-05], [-0.000963803380728, 0.00819257926196, -0.00664625270292, 0.0068765017204, -0.00676979264244, 0.00720606930554, -0.00587596511468, 0.0062174689956, -0.00484552467242, 0.00501534156501, -0.0061480733566, 0.00638799043372, -0.00464506307617], [0.00137513433583, -0.00664625270292, 0.0108332615346, -0.00937978457659, 0.00868507381529, -0.00928912963718, 0.00663844542578, -0.00585567438975, 0.00176911067683, -0.000961383804679, 9.04051703401e-05, -0.000998185947537, 0.00262277759612], [-0.00150475651026, 0.0068765017204, -0.00937978457659, 0.0147276157513, -0.0133910793811, 0.00882177986205, -0.00267641665414, 0.00343770044856, -0.00483238883317, 0.00218159588985, 0.00193135545123, -0.00510362349451, 0.000325065397192], [0.00210944749415, -0.00676979264244, 0.00868507381529, -0.0133910793811, 0.020274553448, -0.0118798725307, 0.000145811078255, 0.000850804906804, 0.00193637283519, -0.00410581380129, -0.00152514467482, 0.00573274400085, -0.00507276784629], [-0.00166730757337, 0.00720606930554, -0.00928912963718, 0.00882177986205, -0.0118798725307, 0.0174812469631, -0.00524764088914, -0.00028106031823, -0.000104659193312, 0.00455333199352, -0.00577233964577, 0.00282246875577, 0.00105024653021], [0.000579394283704, -0.00587596511468, 0.00663844542578, -0.00267641665414, 0.000145811078255, -0.00524764088914, 0.0123245287687, -0.00819483119994, -0.000474236207083, 0.00281342864037, 0.000814297760371, -0.00585678918287, 0.00484737055376], [-0.000283929141006, 0.0062174689956, -0.00585567438975, 0.00343770044856, 0.000850804906804, -0.00028106031823, -0.00819483119994, 0.0217193383723, -0.00777159957215, 0.00167550111655, -0.00336214271374, 0.0102681703866, -0.0118920998648], [0.000227211174206, -0.00484552467242, 0.00176911067683, -0.00483238883317, 0.00193637283519, -0.000104659193312, -0.000474236207083, -0.00777159957215, 0.0213913824409, -0.0155670242384, 0.0100076775998, -0.0076726838015, 0.00762952351943], [-0.000575606653001, 0.00501534156501, -0.000961383804679, 0.00218159588985, -0.00410581380129, 0.00455333199352, 0.00281342864037, 0.00167550111655, -0.0155670242384, 0.0333582088351, -0.0245482064784, 0.0167693346739, -0.00928252749145], [2.73594923783e-05, -0.0061480733566, 9.04051703401e-05, 0.00193135545123, -0.00152514467482, -0.00577233964577, 0.000814297760371, -0.00336214271374, 0.0100076775998, -0.0245482064784, 0.0441906787455, -0.0319951511919, 0.0153733193874], [0.000300370593322, 0.00638799043372, -0.000998185947537, -0.00510362349451, 0.00573274400085, 0.00282246875577, -0.00585678918287, 0.0102681703866, -0.0076726838015, 0.0167693346739, -0.0319951511919, 0.0485069639981, -0.0239630695432], [-1.07155319711e-05, -0.00464506307617, 0.00262277759612, 0.000325065397192, -0.00507276784629, 0.00105024653021, 0.00484737055376, -0.0118920998648, 0.00762952351943, -0.00928252749145, 0.0153733193874, -0.0239630695432, 0.0344483405352]]
    },
    "melbands": {
        "dmean": [0.00103034381755, 0.00120052171405, 0.000338516023476, 0.000403801939683, 0.000139765179483, 0.000135575755849, 0.000149631116074, 0.000160654773936, 0.000148302511661, 0.000204596057301, 0.000133568901219, 6.99213269399e-05, 7.44262506487e-05, 6.1447826738e-05, 5.60473308724e-05, 4.65564407932e-05, 3.85153289244e-05, 2.95752579405e-05, 2.6676674679e-05, 2.24313280341e-05, 2.57461433648e-05, 2.69307165581e-05, 2.37571875914e-05, 1.42121461977e-05, 1.29679729071e-05, 9.6959347502e-06, 1.08917538455e-05, 1.21388757179e-05, 1.68173937709e-05, 1.68138467416e-05, 8.1593689174e-06, 4.76407785754e-06, 5.04592981088e-06, 4.09686663261e-06, 3.06193055621e-06, 2.61882883024e-06, 2.29168949772e-06, 1.79905362074e-06, 1.49649997638e-06, 3.05878614881e-07],
        "dmean2": [0.0018726203125, 0.00214382214472, 0.000594682293013, 0.000729688617866, 0.000238501583226, 0.000222632021178, 0.000254056765698, 0.000260610278929, 0.000239363202127, 0.000319439801387, 0.000197040601051, 9.85136866802e-05, 0.000111897206807, 9.22755643842e-05, 8.22112706373e-05, 7.06122009433e-05, 5.87362155784e-05, 4.64945769636e-05, 4.05887913075e-05, 3.70459383703e-05, 4.24462268711e-05, 4.42182317784e-05, 3.93905029341e-05, 2.31016292673e-05, 2.1639489205e-05, 1.55654142873e-05, 1.78977752512e-05, 2.01378970814e-05, 2.80633175862e-05, 2.86759714072e-05, 1.34403853735e-05, 7.60935427024e-06, 8.17151521915e-06, 6.49849380352e-06, 4.69702808914e-06, 4.0444424485e-06, 3.50080517819e-06, 2.62112416749e-06, 2.27001828534e-06, 4.82123994061e-07],
        "dvar": [5.37797222933e-06, 6.38924620944e-06, 2.44185173415e-07, 1.00079171261e-06, 8.08609001979e-08, 1.39860205195e-07, 1.01140116726e-07, 1.38146759809e-07, 1.60373929248e-07, 2.47035615075e-07, 1.08402041121e-07, 2.4371244578e-08, 3.45475150709e-08, 2.13917470404e-08, 1.95908178569e-08, 1.00609556242e-08, 9.08384656384e-09, 4.69430228023e-09, 4.33671809574e-09, 2.53903365e-09, 2.49545029085e-09, 1.1393199717e-09, 1.12990383716e-09, 2.0639358278e-10, 1.71875000343e-10, 1.57000482059e-10, 2.20624907232e-10, 1.68001973444e-10, 2.45098247253e-10, 4.25789181691e-10, 7.74797795366e-11, 3.98057108109e-11, 6.95729515665e-11, 4.55279078326e-11, 2.63918800009e-11, 3.18328627347e-11, 2.05476330395e-11, 1.3267960515e-11, 1.38172980002e-11, 6.1905499173e-13],
        "dvar2": [1.46259390021e-05, 1.74621927727e-05, 6.77931780046e-07, 2.83648910226e-06, 2.11673281569e-07, 3.56967774451e-07, 2.47719299296e-07, 2.97772004387e-07, 3.79147678586e-07, 5.83417318012e-07, 2.3461126375e-07, 4.27834194738e-08, 7.57309877031e-08, 4.50769412907e-08, 4.04221509598e-08, 2.14576321156e-08, 1.97603977625e-08, 9.8454240316e-09, 9.4441441334e-09, 6.1500848858e-09, 6.20380058436e-09, 3.02101743621e-09, 2.96682101109e-09, 5.25098520221e-10, 4.57020032929e-10, 3.83692605466e-10, 5.05023856068e-10, 4.52782894511e-10, 6.55700327368e-10, 1.2107108649e-09, 2.04912628532e-10, 9.63509688701e-11, 1.81300488511e-10, 1.04961442315e-10, 6.01892979901e-11, 7.67323843354e-11, 4.49458005536e-11, 2.58735567693e-11, 2.69559253391e-11, 1.20838788194e-12],
        "max": [0.0129848569632, 0.0167419947684, 0.00401852559298, 0.00749823078513, 0.00299052218907, 0.00388263072819, 0.00289727910422, 0.00498160300776, 0.00583136966452, 0.00731734512374, 0.00514285545796, 0.00265481323004, 0.00308499182574, 0.00218831794336, 0.00284042721614, 0.00194055284373, 0.00148450909182, 0.00113625917584, 0.00115470180754, 0.00072639528662, 0.00127691344824, 0.000649982015602, 0.000573977944441, 0.000203531861189, 0.00012687650451, 0.00019489985425, 0.000329817150487, 0.000124426747789, 0.000146457634401, 0.00018980159075, 8.60691361595e-05, 6.46567787044e-05, 0.000181343610166, 0.000123471952975, 6.66194537189e-05, 9.01687526493e-05, 7.71187915234e-05, 6.49202484055e-05, 9.41766120377e-05, 1.97298668354e-05],
        "mean": [0.00073002796853, 0.000970168213826, 0.000424864585511, 0.000355307245627, 0.000152498949319, 0.000150610649143, 0.000165765901329, 0.000178695641807, 0.000158295530127, 0.000266758434009, 0.000189160884474, 0.000119719647046, 0.000119310258015, 9.43078921409e-05, 9.42108454183e-05, 7.48003876652e-05, 5.26772782905e-05, 4.02859586757e-05, 3.82557773264e-05, 3.7003243051e-05, 4.9179612688e-05, 5.39476131962e-05, 4.78697584185e-05, 3.15494580718e-05, 2.80284075416e-05, 2.06647200685e-05, 2.20760321099e-05, 2.608273644e-05, 3.99807358917e-05, 3.52968600055e-05, 1.62060277944e-05, 7.86855525803e-06, 7.50201706978e-06, 6.16338365944e-06, 4.8496922318e-06, 3.7179966057e-06, 3.24746497427e-06, 2.61969489657e-06, 2.29552460951e-06, 4.26997701197e-07],
        "median": [0.000119892516523, 0.000215303225559, 0.000272554520052, 0.000123477133457, 6.49924841127e-05, 5.0216953241e-05, 4.79336449644e-05, 3.16452824336e-05, 2.66041497525e-05, 4.47117345175e-05, 3.35105178237e-05, 2.56306429947e-05, 2.73311015917e-05, 2.61845052592e-05, 2.01591810765e-05, 1.96457312995e-05, 1.62797095982e-05, 1.61461757671e-05, 1.60103536473e-05, 2.51202764048e-05, 3.74054579879e-05, 4.46348749392e-05, 3.87355285056e-05, 2.85399764834e-05, 2.49128170253e-05, 1.68406422745e-05, 1.76616485987e-05, 2.32230868278e-05, 3.91357352783e-05, 3.30660586769e-05, 1.39764588312e-05, 4.76588274978e-06, 4.13583165937e-06, 3.10579389406e-06, 2.46956005867e-06, 1.51787855884e-06, 1.19907315366e-06, 9.33263265779e-07, 8.86537577571e-07, 1.57476023332e-07],
        "min": [1.04142714417e-12, 1.03874070803e-12, 1.03333964649e-12, 1.02507455649e-12, 1.01258454746e-12, 9.96275327861e-13, 9.7413136585e-13, 9.45284323907e-13, 9.09125585143e-13, 8.62830586059e-13, 8.05834511532e-13, 7.37234166943e-13, 6.55108237622e-13, 5.60200160999e-13, 4.55171057095e-13, 3.42690285871e-13, 2.31066495148e-13, 1.29984456358e-13, 5.32005503832e-14, 1.46544983857e-14, 2.50808996781e-14, 8.68717939381e-14, 1.90009032813e-13, 3.07786755067e-13, 4.03120733409e-13, 4.40064217705e-13, 3.99871948704e-13, 2.95017645296e-13, 1.66013253491e-13, 6.07860794035e-14, 8.92156171124e-15, 1.02697467839e-14, 3.96315331897e-14, 5.85506510354e-14, 4.14999150767e-14, 1.57380432606e-14, 3.54644868431e-14, 7.4642521981e-14, 5.62167432288e-14, 1.18458548702e-14],
        "var": [3.55414204023e-06, 4.45812202088e-06, 2.35143943428e-07, 6.42486497782e-07, 8.02526471944e-08, 1.35116977162e-07, 1.13194786877e-07, 2.02673888339e-07, 1.72849254909e-07, 4.13110342379e-07, 2.30259686873e-07, 7.21594162201e-08, 6.74699478509e-08, 4.34792255533e-08, 4.93656315825e-08, 2.47243079343e-08, 1.4728747999e-08, 6.72797106915e-09, 6.30692920112e-09, 2.81721002082e-09, 4.85886575419e-09, 1.82863901799e-09, 1.96506477756e-09, 4.45721237696e-10, 3.42732481284e-10, 3.2093347424e-10, 4.41809866469e-10, 3.16366016717e-10, 5.47390410777e-10, 5.28583787851e-10, 1.3200199267e-10, 7.33496041683e-11, 9.64932717062e-11, 7.88269657881e-11, 5.03844917177e-11, 4.67314312247e-11, 3.67725155881e-11, 2.62364886761e-11, 2.39243087147e-11, 1.00423575705e-12]
    },
    "mfcc": {
        "mean": [-604.138366699, 73.2262954712, -19.814163208, 37.1531143188, -7.29808473587, 8.47564601898, 1.49494898319, 6.60254812241, 4.94823074341, -0.553834974766, -8.66252708435, 7.98809576035, -7.01098442078],
        "cov": [[2872.81713867, -133.942810059, 21.6046714783, -231.211959839, -201.588638306, -78.713142395, -102.411514282, -68.0710906982, -87.1144714355, 18.053396225, 61.4532051086, -5.43157100677, -40.9237937927], [-133.942810059, 719.431884766, -180.009109497, -8.38122463226, -131.380584717, 52.9107551575, 112.634239197, 33.8903846741, 42.1524238586, 14.023680687, 33.0199127197, 50.4486045837, -1.14528346062], [21.6046714783, -180.009109497, 536.505432129, -1.44260716438, 167.054397583, -13.935295105, -61.9499778748, 9.50541114807, -32.8642196655, 12.8266620636, 14.3870315552, -18.0774250031, 36.3733825684], [-231.211959839, -8.38122463226, -1.44260716438, 313.451934814, 96.3311386108, 65.7753982544, -27.31914711, 19.0326251984, 39.6023635864, 21.1684570312, -18.6380290985, 30.5223083496, 28.7419281006], [-201.588638306, -131.380584717, 167.054397583, 96.3311386108, 242.236953735, 61.0554542542, -6.41156816483, -16.1549301147, 5.40803432465, 26.3946819305, -0.510818064213, 0.602518200874, 20.7320861816], [-78.713142395, 52.9107551575, -13.935295105, 65.7753982544, 61.0554542542, 144.338226318, 59.6138954163, 48.0387229919, 1.25382554531, 24.8066711426, 14.8877086639, 21.8577747345, 9.78551006317], [-102.411514282, 112.634239197, -61.9499778748, -27.31914711, -6.41156816483, 59.6138954163, 175.561080933, 75.4763259888, 31.2053527832, -2.73062539101, 7.98332214355, 30.8532810211, -0.478715747595], [-68.0710906982, 33.8903846741, 9.50541114807, 19.0326251984, -16.1549301147, 48.0387229919, 75.4763259888, 129.4324646, 36.8980636597, 14.3598852158, -7.64031171799, 22.866186142, 11.4759016037], [-87.1144714355, 42.1524238586, -32.8642196655, 39.6023635864, 5.40803432465, 1.25382554531, 31.2053527832, 36.8980636597, 103.98236084, 36.8777313232, 14.6892633438, 1.21002161503, 6.63195085526], [18.053396225, 14.023680687, 12.8266620636, 21.1684570312, 26.3946819305, 24.8066711426, -2.73062539101, 14.3598852158, 36.8777313232, 86.0316238403, 34.5544624329, 14.4875450134, -3.28620290756], [61.4532051086, 33.0199127197, 14.3870315552, -18.6380290985, -0.510818064213, 14.8877086639, 7.98332214355, -7.64031171799, 14.6892633438, 34.5544624329, 77.9635238647, 21.5283737183, 9.37560749054], [-5.43157100677, 50.4486045837, -18.0774250031, 30.5223083496, 0.602518200874, 21.8577747345, 30.8532810211, 22.866186142, 1.21002161503, 14.4875450134, 21.5283737183, 88.9871673584, 22.5055923462], [-40.9237937927, -1.14528346062, 36.3733825684, 28.7419281006, 20.7320861816, 9.78551006317, -0.478715747595, 11.4759016037, 6.63195085526, -3.28620290756, 9.37560749054, 22.5055923462, 65.9244918823]],
