{
"lowlevel": {
    "average_loudness": 0.962500631809,
    "barkbands_crest": {
        "dmean": 2.76853084564,
        "dmean2": 4.60303926468,
        "dvar": 5.60686779022,
        "dvar2": 15.2081651688,
        "max": 21.4913902283,
        "mean": 9.10184574127,
        "median": 8.47905731201,
        "min": 3.07117676735,
        "var": 12.7063293457
    },
    "barkbands_flatness_db": {
        "dmean": 0.0270939357579,
        "dmean2": 0.0451291687787,
        "dvar": 0.000676589028444,
        "dvar2": 0.00194806302898,
        "max": 0.31111574173,
        "mean": 0.163236543536,
        "median": 0.158442437649,
        "min": 0.0807105079293,
        "var": 0.00136093015317
    },
    "barkbands_kurtosis": {
        "dmean": 4.45232534409,
        "dmean2": 7.33814430237,
        "dvar": 51.0706291199,
        "dvar2": 135.477233887,
        "max": 71.058883667,
        "mean": 5.09774923325,
        "median": 2.28227138519,
        "min": -1.90538525581,
        "var": 70.8279266357
    },
    "barkbands_skewness": {
        "dmean": 0.737203836441,
        "dmean2": 1.15889728069,
        "dvar": 0.608073174953,
        "dvar2": 1.5258654356,
        "max": 7.55057477951,
        "mean": 1.91373920441,
        "median": 1.763890028,
        "min": -3.04982495308,
        "var": 1.65714693069
    },
    "barkbands_spread": {
        "dmean": 8.04891014099,
        "dmean2": 12.2931070328,
        "dvar": 78.9832763672,
        "dvar2": 171.073074341,
        "max": 101.684005737,
        "mean": 28.6554069519,
        "median": 25.3129673004,
        "min": 2.0245308876,
        "var": 312.818450928
    },
    "dissonance": {
        "dmean": 0.0139973536134,
        "dmean2": 0.023231651634,
        "dvar": 0.000209194418858,
        "dvar2": 0.000461955292849,
        "max": 0.499999940395,
        "mean": 0.470849007368,
        "median": 0.475355476141,
        "min": 0.161083877087,
        "var": 0.000414213485783
    },
    "dynamic_complexity": 2.85282158852,
    "erbbands_crest": {
        "dmean": 2.10775995255,
        "dmean2": 3.43831920624,
        "dvar": 3.79992198944,
        "dvar2": 9.64042568207,
        "max": 21.1744289398,
        "mean": 7.21940088272,
        "median": 6.65763425827,
        "min": 2.51257491112,
        "var": 8.3158826828
    },
    "erbbands_flatness_db": {
        "dmean": 0.0114363646135,
        "dmean2": 0.0167684238404,
        "dvar": 9.98847390292e-05,
        "dvar2": 0.000195912652998,
        "max": 0.234105288982,
        "mean": 0.154740020633,
        "median": 0.152938723564,
        "min": 0.0684307068586,
        "var": 0.000540094391908
    },
    "erbbands_kurtosis": {
        "dmean": 0.552664637566,
        "dmean2": 0.849385797977,
        "dvar": 0.590707778931,
        "dvar2": 1.1355432272,
        "max": 13.5741920471,
        "mean": -0.602802157402,
        "median": -0.968085408211,
        "min": -1.75237619877,
        "var": 1.92745804787
    },
    "erbbands_skewness": {
        "dmean": 0.34616625309,
        "dmean2": 0.508556067944,
        "dvar": 0.110363088548,
        "dvar2": 0.226098164916,
        "max": 2.71127080917,
        "mean": 0.0200433768332,
        "median": 0.0541362054646,
        "min": -3.23856925964,
        "var": 0.562615573406
    },
    "erbbands_spread": {
        "dmean": 9.21257591248,
        "dmean2": 14.1739549637,
        "dvar": 80.0924301147,
        "dvar2": 181.050262451,
        "max": 134.821105957,
        "mean": 60.9225006104,
        "median": 58.5084075928,
        "min": 16.5996170044,
        "var": 293.474822998
    },
    "hfc": {
        "dmean": 6.88043212891,
        "dmean2": 10.3332262039,
        "dvar": 139.506118774,
        "dvar2": 296.339538574,
        "max": 178.31262207,
        "mean": 19.840877533,
        "median": 14.3305625916,
        "min": 1.1950885791e-16,
        "var": 457.452301025
    },
    "melbands_crest": {
        "dmean": 3.99348592758,
        "dmean2": 6.7359752655,
        "dvar": 11.5280704498,
        "dvar2": 32.5651397705,
        "max": 32.5345344543,
        "mean": 14.6710548401,
        "median": 13.9423027039,
        "min": 1.94398534298,
        "var": 28.8231105804
    },
    "melbands_flatness_db": {
        "dmean": 0.0332980267704,
        "dmean2": 0.0531756654382,
        "dvar": 0.000959147815593,
        "dvar2": 0.00249859574251,
        "max": 0.358877569437,
        "mean": 0.182005569339,
        "median": 0.177831947803,
        "min": 0.010075731203,
        "var": 0.00291316374205
    },
    "melbands_kurtosis": {
        "dmean": 12.8951721191,
        "dmean2": 21.4958648682,
        "dvar": 364.02230835,
        "dvar2": 963.445617676,
        "max": 183.959960938,
        "mean": 21.3381214142,
        "median": 14.9839735031,
        "min": -1.85939538479,
        "var": 478.664093018
    },
    "melbands_skewness": {
        "dmean": 1.04655909538,
        "dmean2": 1.69516086578,
        "dvar": 1.24320375919,
        "dvar2": 3.21570253372,
        "max": 11.4026260376,
        "mean": 3.70922589302,
        "median": 3.45190382004,
        "min": -0.407454520464,
        "var": 2.6691198349
    },
    "melbands_spread": {
        "dmean": 10.4147539139,
        "dmean2": 15.4998445511,
        "dvar": 245.336227417,
        "dvar2": 456.559967041,
        "max": 246.535400391,
        "mean": 27.3795146942,
        "median": 19.7101898193,
        "min": 1.59675168991,
        "var": 923.457336426
    },
    "pitch_salience": {
        "dmean": 0.0871601626277,
        "dmean2": 0.150142550468,
        "dvar": 0.0064032911323,
        "dvar2": 0.0181261599064,
        "max": 0.830546140671,
        "mean": 0.582137107849,
        "median": 0.597540020943,
        "min": 0.172929674387,
        "var": 0.0123858256266
    },
    "silence_rate_20dB": {
        "dmean": 0,
        "dmean2": 0,
        "dvar": 0,
        "dvar2": 0,
        "max": 1,
        "mean": 1,
        "median": 1,
        "min": 1,
        "var": 0
    },
    "silence_rate_30dB": {
        "dmean": 0.0202650036663,
        "dmean2": 0.0405616238713,
        "dvar": 0.0198541395366,
        "dvar2": 0.052956674248,
        "max": 1,
        "mean": 0.986760139465,
        "median": 1,
        "min": 0,
        "var": 0.0130646685138
    },
    "silence_rate_60dB": {
        "dmean": 0.0405300073326,
        "dmean2": 0.0811232477427,
        "dvar": 0.0388877652586,
        "dvar2": 0.0979444459081,
        "max": 1,
        "mean": 0.0771028026938,
        "median": 0,
        "min": 0,
        "var": 0.0711566060781
    },
    "spectral_centroid": {
        "dmean": 368.445526123,
        "dmean2": 545.914978027,
        "dvar": 175267.671875,
        "dvar2": 294582.03125,
        "max": 11120.359375,
        "mean": 1625.08776855,
        "median": 1568.92602539,
        "min": 263.144134521,
        "var": 680005.375
    },
    "spectral_complexity": {
        "dmean": 4.35541677475,
        "dmean2": 6.52262067795,
        "dvar": 22.4132404327,
        "dvar2": 40.1013259888,
        "max": 60,
        "mean": 17.1082553864,
        "median": 16,
        "min": 0,
        "var": 82.8286743164
    },
    "spectral_decrease": {
        "dmean": 4.30196811507e-09,
        "dmean2": 7.35464444901e-09,
        "dvar": 5.74024897757e-17,
        "dvar2": 1.53672542174e-16,
        "max": -6.5614627646e-29,
        "mean": -6.55155663054e-09,
        "median": -4.28952695586e-09,
        "min": -5.6206172161e-08,
        "var": 5.77039540956e-17
    },
    "spectral_energy": {
        "dmean": 0.0166385937482,
        "dmean2": 0.028386304155,
        "dvar": 0.000851388846058,
        "dvar2": 0.00227614934556,
        "max": 0.216127216816,
        "mean": 0.02652669698,
        "median": 0.0184336211532,
        "min": 1.10874513825e-20,
        "var": 0.000865285284817
    },
    "spectral_energyband_high": {
        "dmean": 0.000475946289953,
        "dmean2": 0.00064238673076,
        "dvar": 1.17849458547e-06,
        "dvar2": 1.86028000826e-06,
        "max": 0.0219822432846,
        "mean": 0.00132970977575,
        "median": 0.000539368600585,
        "min": 7.74279989e-21,
        "var": 5.93808272242e-06
    },
    "spectral_energyband_low": {
        "dmean": 0.0116657698527,
        "dmean2": 0.0205467212945,
        "dvar": 0.000543366244528,
        "dvar2": 0.00151183735579,
        "max": 0.199525296688,
        "mean": 0.0123993968591,
        "median": 0.00529579818249,
        "min": 6.57312290824e-23,
        "var": 0.000450469204225
    },
    "spectral_energyband_middle_high": {
        "dmean": 0.00123408518266,
        "dmean2": 0.00195395573974,
        "dvar": 7.6850719779e-06,
        "dvar2": 2.00813410629e-05,
        "max": 0.0289244446903,
        "mean": 0.00282248505391,
        "median": 0.00175882899202,
        "min": 2.09866889151e-21,
        "var": 1.04557984741e-05
    },
    "spectral_energyband_middle_low": {
        "dmean": 0.00858191493899,
        "dmean2": 0.0144815649837,
        "dvar": 0.000213646926568,
        "dvar2": 0.000556294980925,
        "max": 0.167018979788,
        "mean": 0.0140634635463,
        "median": 0.00917048566043,
        "min": 2.36893970583e-22,
        "var": 0.000267204362899
    },
    "spectral_entropy": {
        "dmean": 0.146083593369,
        "dmean2": 0.220162495971,
        "dvar": 0.0220634508878,
        "dvar2": 0.0442510806024,
        "max": 9.81874465942,
        "mean": 7.66769361496,
        "median": 7.62391376495,
        "min": 6.70652484894,
        "var": 0.103371784091
    },
    "spectral_flux": {
        "dmean": 0.0368472822011,
        "dmean2": 0.0612535178661,
        "dvar": 0.00276733958162,
        "dvar2": 0.00579902157187,
        "max": 0.403579503298,
        "mean": 0.091426640749,
        "median": 0.0742083191872,
        "min": 1.05296965591e-10,
        "var": 0.00440129265189
    },
    "spectral_kurtosis": {
        "dmean": 0.961685538292,
        "dmean2": 1.62719035149,
        "dvar": 0.923391103745,
        "dvar2": 2.62063527107,
        "max": 12.2549276352,
        "mean": 1.6525759697,
        "median": 1.50105857849,
        "min": -1.26560711861,
        "var": 2.01778149605
    },
    "spectral_rms": {
        "dmean": 0.00130234379321,
        "dmean2": 0.0021301144734,
        "dvar": 3.20989352076e-06,
        "dvar2": 8.18083026388e-06,
        "max": 0.0145208751783,
        "mean": 0.00452234363183,
        "median": 0.00424075685441,
        "min": 3.28892468815e-12,
        "var": 5.42817497262e-06
    },
    "spectral_rolloff": {
        "dmean": 814.351623535,
        "dmean2": 1341.84484863,
        "dvar": 1571104.25,
        "dvar2": 3088186,
        "max": 18647.7539062,
        "mean": 1973.62475586,
        "median": 990.52734375,
        "min": 129.19921875,
        "var": 4814085.5
    },
    "spectral_skewness": {
        "dmean": 0.17241692543,
        "dmean2": 0.266678154469,
        "dvar": 0.0250316560268,
        "dvar2": 0.0572408176959,
        "max": 2.86375522614,
        "mean": 0.929885804653,
        "median": 0.937126159668,
        "min": -0.100261300802,
        "var": 0.10708539933
    },
    "spectral_spread": {
        "dmean": 437867.3125,
        "dmean2": 583478,
        "dvar": 903459045376,
        "dvar2": 620871811072,
        "max": 42593716,
        "mean": 4959404.5,
        "median": 4511344,
        "min": 2758111,
        "var": 3.03548910797e+12
    },
    "spectral_strongpeak": {
        "dmean": 0.352091163397,
        "dmean2": 0.59146720171,
        "dvar": 0.363604843616,
        "dvar2": 0.957833647728,
        "max": 8.8389415741,
        "mean": 0.582137525082,
        "median": 0.380082249641,
        "min": 0,
        "var": 0.448936998844
    },
    "zerocrossingrate": {
        "dmean": 0.0137932794169,
        "dmean2": 0.0154993114993,
        "dvar": 0.000316070480039,
        "dvar2": 0.000279001513263,
        "max": 0.48828125,
        "mean": 0.0763247460127,
        "median": 0.06396484375,
        "min": 0.00634765625,
        "var": 0.00279105524532
    },
    "barkbands": {
        "dmean": [5.62656823604e-05, 0.00348680349998, 0.00580965448171, 0.0056971735321, 0.00242827436887, 0.00122493796516, 0.000630611088127, 0.000506843207404, 0.000382868369343, 0.000249442848144, 0.000201173810638, 0.000144715624629, 0.00017006607959, 0.000148455743329, 0.000116637253086, 0.000144179241033, 0.000172229716554, 0.000128265179228, 0.000183879499673, 0.000258523941739, 8.10623023426e-05, 0.000115898932563, 9.76955561782e-05, 0.000158953189384, 5.16144064022e-05, 1.25269217222e-09, 1.21329035707e-09],
        "dmean2": [8.15656167106e-05, 0.00607942137867, 0.0106034995988, 0.00973068270832, 0.00408542202786, 0.00200126483105, 0.00102907174733, 0.000816927407868, 0.000604974920861, 0.000412237248383, 0.000319700251566, 0.000237955551711, 0.000276987091638, 0.000249196484219, 0.000192589330254, 0.00023530186445, 0.000280533538898, 0.000215491527342, 0.000289903691737, 0.000386714411434, 0.000124837781186, 0.000160654279171, 0.000133566238219, 0.000223483963055, 7.18084265827e-05, 2.30666019618e-09, 2.26568874773e-09],
        "dvar": [1.2488570178e-08, 8.09802877484e-05, 0.000167080739629, 0.00014196750999, 2.64592763415e-05, 3.81595691579e-06, 1.41299221923e-06, 1.34430399612e-06, 6.25481845873e-07, 4.32680195672e-07, 1.66701838111e-07, 1.18667315974e-07, 1.59704370617e-07, 1.84060780839e-07, 7.18381798492e-08, 1.49027783891e-07, 1.09566926199e-07, 1.20451346675e-07, 7.02680225118e-08, 1.90007057199e-07, 1.66032254612e-08, 5.48232570452e-08, 5.33226582888e-08, 3.0503497328e-07, 3.51261633114e-08, 3.55932550218e-18, 3.92853177833e-18],
        "dvar2": [2.51934029194e-08, 0.000220519985305, 0.000478083704365, 0.000377493706765, 7.00518212398e-05, 9.33412502491e-06, 3.37593473887e-06, 3.54833309757e-06, 1.44004695812e-06, 1.17628155749e-06, 4.5211643851e-07, 3.10228955414e-07, 4.20958571112e-07, 4.91894525112e-07, 1.84002971082e-07, 3.76118293843e-07, 2.82397138562e-07, 3.33500111083e-07, 1.63880116588e-07, 4.00503950004e-07, 3.8394396995e-08, 9.72741815986e-08, 8.46302796731e-08, 5.60648970804e-07, 6.20804740947e-08, 1.12172813087e-17, 1.22152408034e-17],
        "max": [0.000960124656558, 0.0799302011728, 0.100332550704, 0.156705349684, 0.0544603429735, 0.0257353894413, 0.021050978452, 0.020193470642, 0.0114389490336, 0.00989204738289, 0.00593680189922, 0.00433958182111, 0.00552936643362, 0.00489066541195, 0.0036554413382, 0.00469551468268, 0.00348031474277, 0.00499907322228, 0.00369190354832, 0.00789935234934, 0.00172206212301, 0.00475273514166, 0.00424764072523, 0.00925453193486, 0.00498740794137, 2.0577852311e-08, 2.08843378147e-08],
        "mean": [6.55274416204e-05, 0.00331723806448, 0.00500036496669, 0.00665524881333, 0.00293404934928, 0.00208908552304, 0.000967393978499, 0.000680582656059, 0.000625084212516, 0.000340519472957, 0.000306914385874, 0.000194396765437, 0.000223818016821, 0.000149664178025, 0.00013771369413, 0.000191861676285, 0.000286774622509, 0.000202941300813, 0.000401660043281, 0.000620673992671, 0.000176701811142, 0.000249076954788, 0.000238200533204, 0.000356433738489, 0.00011479776731, 1.8228476506e-09, 9.23681020559e-10],
        "median": [1.129962493e-05, 0.000521954381838, 0.0017620306462, 0.00271446933039, 0.00140133616515, 0.00105971563607, 0.000512248254381, 0.000305848137941, 0.000211073929677, 0.000164279728779, 0.000122378783999, 6.22574661975e-05, 7.98215332907e-05, 4.28754938184e-05, 5.31183031853e-05, 5.26632575202e-05, 0.000122281926451, 0.00011258784798, 0.000203083152883, 0.000276737293461, 0.000109036831418, 9.32215916691e-05, 9.22071849345e-05, 6.75684059388e-05, 2.35702864302e-05, 1.31906441325e-09, 2.51641929516e-10],
        "min": [3.50601892919e-24, 2.37535469116e-23, 3.3037475778e-23, 1.03264527289e-23, 6.2520894942e-24, 8.05572923498e-24, 1.007233381e-22, 4.55498131659e-23, 5.84273426658e-23, 5.44657778631e-23, 5.66051433945e-23, 6.86085519025e-23, 1.60399264563e-22, 2.30383861253e-22, 1.58564878969e-22, 1.00797005087e-22, 3.18555235904e-22, 3.26485597787e-22, 3.00726020191e-22, 4.77725631882e-22, 3.63739699186e-22, 6.61240477344e-22, 5.77713915702e-22, 1.03512586178e-21, 9.57469334043e-22, 1.57725349212e-21, 2.56343009297e-21],
        "var": [1.8161168569e-08, 6.36914192e-05, 0.000111036191811, 0.000162722673849, 2.32469556067e-05, 7.96867516328e-06, 2.00746103474e-06, 1.59231205998e-06, 1.5289546127e-06, 5.03337503233e-07, 3.23777726408e-07, 1.67757193026e-07, 2.07478038305e-07, 1.46889576058e-07, 7.46140287333e-08, 1.71073835986e-07, 1.75482696818e-07, 1.11047285145e-07, 2.2982601422e-07, 6.82953441355e-07, 3.8804387259e-08, 2.07742502312e-07, 2.44762929924e-07, 1.08509345864e-06, 1.52377552354e-07, 2.8148923158e-18, 3.06460470104e-18]
    },
    "erbbands": {
        "dmean": [0.0597141459584, 0.989430129528, 5.3758430481, 14.5296268463, 11.962061882, 8.02652549744, 7.8613858223, 10.428606987, 9.29164505005, 10.1911401749, 9.1140832901, 8.58617782593, 8.98686408997, 6.03765773773, 7.40430307388, 6.19122409821, 7.5874581337, 7.83817529678, 5.76817321777, 6.40997743607, 8.29631996155, 9.24028873444, 7.3387966156, 6.10470819473, 12.9250440598, 11.0886316299, 3.58571028709, 3.48644542694, 3.92723727226, 3.80145597458, 2.78467059135, 4.2390704155, 1.97359287739, 0.925518929958, 0.202923223376, 0.00493399612606, 0.000227953132708, 2.62551584456e-05, 1.17588806461e-05, 1.92994375539e-05],
        "dmean2": [0.0911465287209, 1.78231036663, 9.87136077881, 25.219373703, 20.2028369904, 13.8823871613, 13.0803203583, 16.9603900909, 15.2525758743, 16.2980365753, 14.8085050583, 13.7696685791, 14.9388418198, 9.81770992279, 11.9418830872, 10.1578683853, 12.3496665955, 13.0318536758, 9.79989337921, 10.386092186, 13.5511131287, 15.0164079666, 12.1466341019, 9.93590831757, 19.854637146, 16.5405426025, 5.66120386124, 5.31973600388, 5.56475162506, 5.47865915298, 3.93079662323, 6.27639007568, 2.64948129654, 1.26317489147, 0.289443463087, 0.00698192184791, 0.000312523014145, 3.47975983459e-05, 1.82059211511e-05, 3.240944352e-05],
        "dvar": [0.0148749537766, 6.99500226974, 161.605361938, 847.345275879, 443.134796143, 453.043121338, 163.007415771, 335.234893799, 328.463867188, 469.763397217, 504.618774414, 361.143432617, 599.952941895, 135.974868774, 237.045272827, 228.070220947, 338.600799561, 449.021972656, 255.364379883, 201.796478271, 493.292480469, 329.530639648, 463.435791016, 146.159301758, 359.535644531, 437.751281738, 36.1041641235, 30.0737552643, 64.7481765747, 79.7836914062, 45.8302001953, 221.078308105, 45.3771324158, 10.4506759644, 0.832786440849, 0.000475849752547, 8.46872296734e-07, 9.1984908579e-09, 4.75357642138e-10, 1.04584507721e-09],
        "dvar2": [0.0311601851135, 19.4044437408, 457.588867188, 2325.33496094, 1171.17114258, 1199.18359375, 455.46685791, 748.680908203, 784.589111328, 1147.17858887, 1358.0559082, 867.17364502, 1592.71630859, 367.646484375, 647.173950195, 607.782592773, 912.186157227, 1173.55419922, 680.192138672, 491.654388428, 1236.78991699, 843.837585449, 1289.25463867, 364.470977783, 795.125305176, 920.373657227, 83.3652648926, 68.0990829468, 118.45059967, 156.524032593, 75.1437911987, 455.933166504, 75.7402114868, 17.5794029236, 1.95021188259, 0.00110852066427, 1.73511750745e-06, 1.67113789473e-08, 9.51738798882e-10, 2.76386891152e-09],
        "max": [1.02020001411, 23.1377239227, 99.9097061157, 350.066558838, 192.347564697, 249.719039917, 142.585266113, 268.088317871, 223.613113403, 280.480895996, 397.637969971, 306.056304932, 375.5546875, 133.513168335, 203.177093506, 202.680435181, 256.851623535, 254.9896698, 197.864089966, 167.017486572, 257.477874756, 202.74520874, 328.527191162, 186.472747803, 268.560089111, 452.40838623, 87.7869644165, 66.2476043701, 144.426269531, 150.306716919, 143.005447388, 250.952453613, 123.941482544, 72.5815353394, 27.3773174286, 0.650180280209, 0.027559844777, 0.00274594244547, 0.000492960156407, 0.000240400608163],
        "mean": [0.0764947608113, 0.855003118515, 4.65641212463, 16.7219657898, 14.3114767075, 9.20847511292, 12.4938211441, 17.2610321045, 14.8625068665, 15.4996347427, 13.2210330963, 14.0649461746, 13.2308034897, 9.57416343689, 12.0621204376, 8.73830127716, 9.97468948364, 9.05988502502, 6.44527006149, 8.57627868652, 12.1052742004, 15.9205741882, 11.8784828186, 11.9967927933, 32.7922058105, 27.0194644928, 8.46844863892, 7.82160377502, 8.70667743683, 7.85732698441, 6.7409081459, 8.69522380829, 4.66732025146, 2.13337492943, 0.370298236609, 0.00934620387852, 0.00050494808238, 6.48181667202e-05, 2.67489358521e-05, 3.50448026438e-05],
        "median": [0.0117835504934, 0.170357421041, 1.62851047516, 6.74521589279, 6.1083984375, 4.0731420517, 6.49481773376, 7.76817798615, 8.7894487381, 6.31452465057, 6.08422279358, 5.09778404236, 4.95687294006, 5.32580137253, 5.27604961395, 3.15983366966, 4.12215232849, 2.54382991791, 2.39802455902, 3.03610372543, 3.80723714828, 6.87610530853, 6.61042976379, 8.30536937714, 14.7345838547, 12.8023662567, 5.2782626152, 4.53891038895, 3.28905010223, 2.64855861664, 2.56452608109, 1.84184515476, 0.907944977283, 0.460806488991, 0.0674096345901, 0.0017886410933, 0.000117070609122, 1.75696732185e-05, 1.58693928825e-05, 2.50574648817e-05],
        "min": [1.02805029696e-21, 4.47728066312e-21, 3.14511614169e-20, 4.39293683654e-20, 1.87745732931e-20, 2.26407508527e-20, 4.96217991588e-20, 1.09762951103e-19, 1.20044927609e-18, 1.04985484172e-18, 1.35067995778e-18, 1.40051634892e-18, 1.20693675023e-18, 2.17747086487e-18, 2.46103747784e-18, 3.93646278604e-18, 7.61641520977e-18, 8.80307776319e-18, 1.20037050781e-17, 7.26317269227e-18, 6.62554465298e-18, 1.83392641966e-17, 2.12416871105e-17, 1.17483651764e-17, 2.09036299746e-17, 1.98924976287e-17, 1.34638409867e-17, 1.60648334951e-17, 1.77130206441e-17, 2.75644290653e-17, 1.63949017205e-17, 1.67500186293e-17, 1.79383711127e-17, 1.37347773789e-17, 6.33058445426e-18, 5.37346203928e-18, 2.92912513121e-18, 1.31071762162e-18, 3.90596572253e-19, 3.65936818928e-20],
        "var": [0.0221193395555, 4.8807144165, 105.504074097, 935.236938477, 477.974731445, 356.808105469, 262.991912842, 718.564086914, 431.196411133, 728.473937988, 601.120910645, 790.083312988, 814.351074219, 192.76348877, 421.99697876, 324.02444458, 358.221832275, 428.815917969, 211.349197388, 276.570953369, 585.846801758, 539.184265137, 406.146209717, 192.456314087, 1530.06286621, 1394.43981934, 94.9312667847, 83.8458480835, 243.765716553, 248.998931885, 206.374252319, 637.142456055, 190.352752686, 48.1273498535, 2.048163414, 0.00122561154421, 2.86769227387e-06, 3.78626410225e-08, 1.71937353244e-09, 1.24886023745e-09]
    },
    "gfcc": {
        "mean": [-19.3864078522, 106.029655457, -126.95110321, 72.9035644531, -86.5351409912, 15.4516420364, -40.342250824, 3.63128519058, -21.411605835, -17.7211990356, 0.950979948044, -21.2407531738, 0.281024575233],
        "cov": [[6034.60449219, -191.060638428, -242.039337158, 399.779907227, -104.020118713, 141.032669067, -87.2495422363, 170.693649292, 13.9613666534, -60.8488845825, 62.421131134, -126.310333252, -10.6437196732], [-191.060638428, 913.997253418, -261.952026367, -95.1964950562, 259.047058105, -196.542419434, 141.538101196, -146.324951172, 18.8492298126, -116.504478455, 63.5518913269, -77.1396942139, 33.516834259], [-242.039337158, -261.952026367, 388.127105713, 109.828102112, -34.8311462402, 144.45249939, -9.72023010254, 29.8677139282, 19.1662807465, 44.1359710693, -36.2478942871, 42.3967208862, -10.3435869217], [399.779907227, -95.1964950562, 109.828102112, 215.582839966, 41.5772247314, 43.5663299561, -5.46391105652, 39.0062065125, 56.1060066223, 22.4997253418, -13.8886203766, 14.9292078018, 15.4716472626], [-104.020118713, 259.047058105, -34.8311462402, 41.5772247314, 232.846618652, -12.4676189423, 31.3512458801, -42.2704772949, 38.7314414978, -12.0923986435, -4.94512319565, -32.404624939, 20.6766529083], [141.032669067, -196.542419434, 144.45249939, 43.5663299561, -12.4676189423, 200.01612854, 31.1195449829, 31.8994426727, 14.6782417297, 42.308795929, -29.9205932617, 21.5599689484, -10.6540412903], [-87.2495422363, 141.538101196, -9.72023010254, -5.46391105652, 31.3512458801, 31.1195449829, 160.016784668, 25.9493370056, 13.2546463013, -27.5272941589, 12.7965860367, -9.78227710724, -6.24761581421], [170.693649292, -146.324951172, 29.8677139282, 39.0062065125, -42.2704772949, 31.8994426727, 25.9493370056, 125.326515198, 22.5417175293, 28.3584499359, 2.58006095886, 11.9504365921, -4.45589017868], [13.9613666534, 18.8492298126, 19.1662807465, 56.1060066223, 38.7314414978, 14.6782417297, 13.2546463013, 22.5417175293, 88.5645675659, 34.7085418701, -7.72105312347, 1.92260611057, 6.80838823318], [-60.8488845825, -116.504478455, 44.1359710693, 22.4997253418, -12.0923986435, 42.308795929, -27.5272941589, 28.3584499359, 34.7085418701, 94.6683425903, 16.9264774323, 20.9395771027, -5.35398721695], [62.421131134, 63.5518913269, -36.2478942871, -13.8886203766, -4.94512319565, -29.9205932617, 12.7965860367, 2.58006095886, -7.72105312347, 16.9264774323, 76.019859314, 11.4942417145, -5.88017988205], [-126.310333252, -77.1396942139, 42.3967208862, 14.9292078018, -32.404624939, 21.5599689484, -9.78227710724, 11.9504365921, 1.92260611057, 20.9395771027, 11.4942417145, 74.282333374, 29.6651821136], [-10.6437196732, 33.516834259, -10.3435869217, 15.4716472626, 20.6766529083, -10.6540412903, -6.24761581421, -4.45589017868, 6.80838823318, -5.35398721695, -5.88017988205, 29.6651821136, 59.9686393738]],
        "icov": [[0.000352786417352, -0.000230932681006, 0.00058866647305, -0.00103753432631, 0.000609403010458, -0.00111323653255, 0.000825425202493, -0.000533938931767, 8.59507490532e-05, 0.000755214190576, -0.000876024016179, 0.00108203059062, -0.000364162522601], [-0.000230932681006, 0.00546266278252, 4.05148384743e-05, 0.00229268218391, -0.00398517912254, 0.00366946612485, -0.00459769181907, 0.00447783153504, -0.00300378678367, 0.00242396187969, -0.00338493310846, 0.00151212292258, -0.00232140230946], [0.00058866647305, 4.05148384743e-05, 0.00543719762936, -0.00354254012927, 0.00110540958121, -0.00381352636032, 0.00120098947082, -8.10145720607e-05, 0.000482756877318, 0.000946986780036, -0.000230010671658, -0.000288756069494, 0.00114410265815], [-0.00103753432631, 0.00229268218391, -0.00354254012927, 0.0108168208972, -0.00426834495738, 0.00370543659665, -0.00215399591252, 0.00061871658545, -0.00501253223047, 0.000484571792185, 0.000431301654316, -0.00252567301504, -0.00101166847162], [0.000609403010458, -0.00398517912254, 0.00110540958121, -0.00426834495738, 0.0100147165358, -0.00422088289633, 0.00275158346631, -0.000815862847958, -0.000150461200974, -0.000958422198892, 0.000460983603261, 0.00444111414254, -0.00256965123117], [-0.00111323653255, 0.00366946612485, -0.00381352636032, 0.00370543659665, -0.00422088289633, 0.0142830871046, -0.00816970225424, 0.00378679344431, 0.000320635008393, -0.00580270588398, 0.00537611404434, -0.00416303565726, 0.00159291899763], [0.000825425202493, -0.00459769181907, 0.00120098947082, -0.00215399591252, 0.00275158346631, -0.00816970225424, 0.0145395034924, -0.00726965768263, -0.00106360216159, 0.00607756059617, -0.00338580808602, 0.00114408088848, 0.0018188955728], [-0.000533938931767, 0.00447783153504, -8.10145720607e-05, 0.00061871658545, -0.000815862847958, 0.00378679344431, -0.00726965768263, 0.015054169111, -0.00344964140095, -0.00203668535687, -0.00113192514982, 0.000262051122263, -0.00148658244871], [8.59507490532e-05, -0.00300378678367, 0.000482756877318, -0.00501253223047, -0.000150461200974, 0.000320635008393, -0.00106360216159, -0.00344964140095, 0.0208333190531, -0.01077733282, 0.00683833612129, -0.000755754183047, 0.000529208627995], [0.000755214190576, 0.00242396187969, 0.000946986780036, 0.000484571792185, -0.000958422198892, -0.00580270588398, 0.00607756059617, -0.00203668535687, -0.01077733282, 0.0243022721261, -0.0119697116315, 0.00063704920467, 0.000503440911416], [-0.000876024016179, -0.00338493310846, -0.000230010671658, 0.000431301654316, 0.000460983603261, 0.00537611404434, -0.00338580808602, -0.00113192514982, 0.00683833612129, -0.0119697116315, 0.0249338820577, -0.0102940667421, 0.00763686047867], [0.00108203059062, 0.00151212292258, -0.000288756069494, -0.00252567301504, 0.00444111414254, -0.00416303565726, 0.00114408088848, 0.000262051122263, -0.000755754183047, 0.00063704920467, -0.0102940667421, 0.0292229894549, -0.0175061561167], [-0.000364162522601, -0.00232140230946, 0.00114410265815, -0.00101166847162, -0.00256965123117, 0.00159291899763, 0.0018188955728, -0.00148658244871, 0.000529208627995, 0.000503440911416, 0.00763686047867, -0.0175061561167, 0.0290081724524]]
    },
    "melbands": {
        "dmean": [0.000743752985727, 0.00233531999402, 0.00239869183861, 0.000673517468385, 0.00027933268575, 0.00023221502488, 0.000136979011586, 0.000112910747703, 7.29649764253e-05, 5.34742503078e-05, 4.55796398455e-05, 2.524795309e-05, 2.86404847429e-05, 1.54121407832e-05, 1.86835568456e-05, 1.57482136274e-05, 1.50331115947e-05, 9.59160934144e-06, 8.72268174135e-06, 8.70822987054e-06, 1.08083922896e-05, 1.01639370769e-05, 8.29978125694e-06, 6.59320630803e-06, 5.09517121827e-06, 7.62092531659e-06, 1.30973612613e-05, 6.97911355019e-06, 2.54318752013e-06, 2.10260782296e-06, 2.17355159293e-06, 2.41376983467e-06, 2.54672681876e-06, 2.12151849155e-06, 1.58800060035e-06, 2.21012078327e-06, 2.93124980999e-06, 1.51481765442e-06, 1.08909102892e-06, 7.65656920976e-07],
        "dmean2": [0.00123297714163, 0.00428360933438, 0.00415349379182, 0.00112968939357, 0.000466407596832, 0.000381146644941, 0.000224201925448, 0.000179690017831, 0.000117517112812, 8.54366298881e-05, 7.60441835155e-05, 4.12855952163e-05, 4.50362822448e-05, 2.5800532967e-05, 3.07230002363e-05, 2.54417154792e-05, 2.51628480328e-05, 1.63654804055e-05, 1.42941971717e-05, 1.39757503348e-05, 1.78080481419e-05, 1.65849833138e-05, 1.36947674036e-05, 1.12011148303e-05, 8.37084735394e-06, 1.19331143651e-05, 2.00603244593e-05, 1.0550324987e-05, 4.06321350965e-06, 3.35101640303e-06, 3.37649476023e-06, 3.57805015483e-06, 3.7372958559e-06, 3.05432104142e-06, 2.37286872107e-06, 3.22344226333e-06, 4.3112122512e-06, 2.06878326026e-06, 1.54280303377e-06, 1.07134030713e-06],
        "dvar": [3.10986365548e-06, 3.11709081871e-05, 2.14794818021e-05, 1.93148412109e-06, 2.00799576078e-07, 1.58396574079e-07, 6.90989097052e-08, 5.63708582035e-08, 2.97690903039e-08, 1.34449305023e-08, 1.53872701247e-08, 2.31371011239e-09, 3.29612004357e-09, 1.30025379352e-09, 2.37012298676e-09, 1.41396616637e-09, 1.75423986448e-09, 7.6831480067e-10, 4.18967555094e-10, 4.75753436646e-10, 8.44091019303e-10, 3.78346742824e-10, 4.05316752383e-10, 2.8502192273e-10, 9.76779282458e-11, 1.27930346872e-10, 4.34946439976e-10, 1.96334490332e-10, 2.10165964493e-11, 9.68651981542e-12, 1.35887074162e-11, 2.27442908257e-11, 3.49587789272e-11, 2.45863954196e-11, 1.17068629096e-11, 5.01966558597e-11, 1.11804572545e-10, 2.65287219275e-11, 1.48633310521e-11, 7.59500708852e-12],
        "dvar2": [8.10022629594e-06, 8.74343386386e-05, 5.85648995184e-05, 5.14524299433e-06, 5.53101926926e-07, 3.59931988214e-07, 1.6368711897e-07, 1.39553606004e-07, 7.81181697107e-08, 3.24325704071e-08, 4.06854070434e-08, 6.09714767563e-09, 8.82629880294e-09, 3.34921845813e-09, 6.40183017708e-09, 3.62803853626e-09, 4.62759075504e-09, 2.07934025553e-09, 1.06170761072e-09, 1.21964227606e-09, 2.14846407331e-09, 9.64836543993e-10, 1.09625231115e-09, 7.97355681481e-10, 2.40899189485e-10, 2.94317709093e-10, 9.08861708115e-10, 4.24808022093e-10, 4.92119782425e-11, 2.22292913243e-11, 3.34334261665e-11, 4.6860904046e-11, 6.95341770274e-11, 5.11255274227e-11, 2.13308953834e-11, 9.2526264428e-11, 2.44037179353e-10, 4.73017944258e-11, 2.85110789144e-11, 1.35983646218e-11],
        "max": [0.0158473141491, 0.04622207582, 0.0554233342409, 0.0146036995575, 0.00455736322328, 0.00595174496993, 0.00317438365892, 0.00257448642515, 0.00276298820972, 0.00179697561543, 0.00187118782196, 0.000542079389561, 0.000886384572368, 0.000616767385509, 0.000744816148654, 0.000500455673318, 0.000507304153871, 0.000371611618903, 0.000306980218738, 0.000358577177394, 0.000348725618096, 0.000199320289539, 0.000318333622999, 0.000236527674133, 0.00014599795395, 0.000162148615345, 0.000234440289205, 0.000291430420475, 8.03847651696e-05, 3.81021163776e-05, 4.86295502924e-05, 7.84541553003e-05, 0.000139869865961, 6.73124959576e-05, 7.60289767641e-05, 0.000140088042826, 0.000161961186677, 8.93274482223e-05, 8.25298266136e-05, 6.59396828269e-05],
        "mean": [0.000795673171524, 0.00200965441763, 0.00284066051245, 0.000789257290307, 0.000427825696534, 0.000390871660784, 0.000220582951442, 0.000165494726389, 0.000105451603304, 8.76613412402e-05, 6.52170347166e-05, 3.83582664654e-05, 4.5326534746e-05, 2.2705324227e-05, 2.30100067711e-05, 2.08366054721e-05, 1.62724682014e-05, 9.87206021819e-06, 1.05944636744e-05, 1.1385797734e-05, 1.51138783622e-05, 1.69086742972e-05, 1.27737966977e-05, 9.94766651274e-06, 8.69404539117e-06, 1.70987714228e-05, 3.11812618747e-05, 1.4719516912e-05, 5.23595463164e-06, 4.21489721703e-06, 4.47114280178e-06, 4.95117956234e-06, 4.84028123537e-06, 4.11474638895e-06, 3.51214180228e-06, 4.68539337817e-06, 5.63130606679e-06, 3.44699128618e-06, 2.37216136156e-06, 1.65374342487e-06],
        "median": [0.000124779166072, 0.000719393079635, 0.00126811664086, 0.000348046247382, 0.000234822262428, 0.000183016774827, 0.000124990096083, 6.68799621053e-05, 4.5665041398e-05, 3.04294062516e-05, 2.33197788475e-05, 2.11042333831e-05, 1.8159760657e-05, 8.34174898046e-06, 9.01304156287e-06, 6.4538053266e-06, 4.44699071522e-06, 3.3432543205e-06, 3.57969202014e-06, 3.68263772543e-06, 4.59019156551e-06, 7.0299061008e-06, 5.86921123613e-06, 5.29987300979e-06, 5.75463491259e-06, 8.2250289779e-06, 1.28009032778e-05, 6.25965185463e-06, 2.73845489573e-06, 2.69804195341e-06, 2.43220574703e-06, 2.01257989829e-06, 1.32841444156e-06, 1.47781838677e-06, 1.40943711813e-06, 1.34578954203e-06, 9.63008233157e-07, 6.23528478627e-07, 4.75645464348e-07, 3.46067452028e-07],
        "min": [7.11819013723e-24, 1.25658663335e-23, 6.74458640138e-24, 1.2659575712e-24, 1.47201109648e-24, 2.58569040981e-24, 1.91515390721e-23, 1.00899498629e-23, 1.14836272687e-23, 8.1357433966e-24, 5.92084601123e-24, 8.69290007674e-24, 8.39558629017e-24, 7.45160772085e-24, 1.5737055618e-23, 1.43347102086e-23, 1.73642989606e-23, 2.15222869733e-23, 1.02868929322e-23, 8.62202013554e-24, 7.37982611164e-24, 1.91966871594e-23, 1.844396555e-23, 1.65808196645e-23, 8.07744420912e-24, 1.28908920148e-23, 2.07265330015e-23, 1.08330954898e-23, 8.42810234782e-24, 8.62710513294e-24, 8.92220537581e-24, 7.57569948555e-24, 1.67761132257e-23, 1.36811294823e-23, 9.74393259292e-24, 7.92882912546e-24, 1.12632463531e-23, 1.10505339543e-23, 1.51365652306e-23, 1.06445948099e-23],
        "var": [2.97611040878e-06, 2.07376815524e-05, 2.34505641856e-05, 1.70732425886e-06, 2.77358822132e-07, 3.29040943825e-07, 9.51717353814e-08, 8.49827230809e-08, 4.17316137202e-08, 3.16413775181e-08, 2.09243893323e-08, 3.49885409534e-09, 7.117296974e-09, 2.11038475584e-09, 2.21967955127e-09, 2.06731920471e-09, 1.53642931711e-09, 5.95254734392e-10, 4.75162187374e-10, 5.61650059794e-10, 9.68566560289e-10, 6.45512532316e-10, 4.44509429265e-10, 2.57325188935e-10, 1.2096734725e-10, 4.69632333022e-10, 1.60201951704e-09, 5.49779943793e-10, 5.68815758384e-11, 2.02113239339e-11, 3.32454827556e-11, 7.4221691293e-11, 1.05138613093e-10, 6.82300257959e-11, 4.71694142079e-11, 1.57962670722e-10, 2.96635965791e-10, 1.03594084699e-10, 5.41416009248e-11, 3.25386662059e-11]
    },
    "mfcc": {
        "mean": [-639.254821777, 97.2992324829, 23.088394165, 36.6591567993, -2.3252248764, -1.83486437798, 1.63301348686, 3.32548427582, -8.42255973816, 0.527287244797, -6.94753313065, -1.97272598743, -1.13505423069],
        "cov": [[4624.22998047, -233.270599365, -94.5718078613, 151.69581604, 94.5940856934, -66.1170578003, 22.7677173615, 85.4511184692, -3.94817566872, 103.092948914, 14.2447433472, 19.5783405304, 79.8718490601], [-233.270599365, 899.296203613, -386.662658691, 87.0069198608, -12.9873285294, 9.63677692413, 56.7487258911, -13.8679618835, -49.0124511719, -28.1606655121, -35.2322883606, -49.6286315918, -1.70646321774], [-94.5718078613, -386.662658691, 443.247161865, -25.976108551, 1.39953780174, 62.8316497803, 2.85460948944, 36.5433235168, 36.6677513123, -1.87594974041, 43.6154289246, 34.1397819519, -21.7338523865], [151.69581604, 87.0069198608, -25.976108551, 197.628326416, 62.5038375854, 0.474393308163, -16.0996437073, 15.5945825577, 29.1368656158, 4.44875764847, -10.2500667572, 10.568944931, 31.8349151611], [94.5940856934, -12.9873285294, 1.39953780174, 62.5038375854, 173.893005371, 61.7673301697, -30.194229126, -25.6347694397, 32.1175003052, 16.1057014465, -1.42898654938, -3.67481350899, 16.6351280212], [-66.1170578003, 9.63677692413, 62.8316497803, 0.474393308163, 61.7673301697, 169.659484863, 18.0031070709, 12.289691925, 45.087223053, 6.40831804276, 35.4801712036, -5.33692741394, -21.1932182312], [22.7677173615, 56.7487258911, 2.85460948944, -16.0996437073, -30.194229126, 18.0031070709, 104.729652405, 47.6597976685, -6.54137802124, 16.5778884888, 13.140879631, 1.18645966053, -4.42200756073], [85.4511184692, -13.8679618835, 36.5433235168, 15.5945825577, -25.6347694397, 12.289691925, 47.6597976685, 93.9327316284, 40.347366333, 13.2970666885, 15.0562009811, 0.463452786207, -4.84869766235], [-3.94817566872, -49.0124511719, 36.6677513123, 29.1368656158, 32.1175003052, 45.087223053, -6.54137802124, 40.347366333, 101.291908264, 31.4826660156, 9.07045173645, -2.0563185215, -0.865121245384], [103.092948914, -28.1606655121, -1.87594974041, 4.44875764847, 16.1057014465, 6.40831804276, 16.5778884888, 13.2970666885, 31.4826660156, 87.4208602905, 36.4427108765, 12.1485929489, 4.3671298027], [14.2447433472, -35.2322883606, 43.6154289246, -10.2500667572, -1.42898654938, 35.4801712036, 13.140879631, 15.0562009811, 9.07045173645, 36.4427108765, 103.235206604, 26.3273735046, -14.2309608459], [19.5783405304, -49.6286315918, 34.1397819519, 10.568944931, -3.67481350899, -5.33692741394, 1.18645966053, 0.463452786207, -2.0563185215, 12.1485929489, 26.3273735046, 67.289604187, 20.1965579987], [79.8718490601, -1.70646321774, -21.7338523865, 31.8349151611, 16.6351280212, -21.1932182312, -4.42200756073, -4.84869766235, -0.865121245384, 4.3671298027, -14.2309608459, 20.1965579987, 65.707901001]],
