{
"lowlevel": {
    "average_loudness": 0.918170571327,
    "barkbands_crest": {
        "dmean": 2.12168884277,
        "dmean2": 3.51214671135,
        "dvar": 3.79360795021,
        "dvar2": 10.2983140945,
        "max": 26.5184898376,
        "mean": 9.50077533722,
        "median": 8.93831062317,
        "min": 2.13548922539,
        "var": 9.75705337524
    },
    "barkbands_flatness_db": {
        "dmean": 0.0214208122343,
        "dmean2": 0.0344915054739,
        "dvar": 0.00036935362732,
        "dvar2": 0.00091633858392,
        "max": 0.372711539268,
        "mean": 0.196026548743,
        "median": 0.191221103072,
        "min": 0.0193901583552,
        "var": 0.00183258019388
    },
    "barkbands_kurtosis": {
        "dmean": 2.4381775856,
        "dmean2": 3.84532618523,
        "dvar": 14.2190322876,
        "dvar2": 35.9453201294,
        "max": 90.4315567017,
        "mean": 5.84326267242,
        "median": 4.7906088829,
        "min": -1.70229291916,
        "var": 30.7736644745
    },
    "barkbands_skewness": {
        "dmean": 0.405590355396,
        "dmean2": 0.638764441013,
        "dvar": 0.185910433531,
        "dvar2": 0.470880150795,
        "max": 9.47513961792,
        "mean": 1.81174552441,
        "median": 1.80982720852,
        "min": 0.1267696172,
        "var": 0.604827642441
    },
    "barkbands_spread": {
        "dmean": 4.04343366623,
        "dmean2": 6.4207611084,
        "dvar": 39.444190979,
        "dvar2": 85.3481521606,
        "max": 85.6166229248,
        "mean": 15.635269165,
        "median": 13.0265417099,
        "min": 1.74402689934,
        "var": 131.432479858
    },
    "dissonance": {
        "dmean": 0.0221683084965,
        "dmean2": 0.0362410321832,
        "dvar": 0.000485014374135,
        "dvar2": 0.00109147280455,
        "max": 0.499999970198,
        "mean": 0.449631303549,
        "median": 0.4561393857,
        "min": 0,
        "var": 0.00118030514568
    },
    "dynamic_complexity": 3.93166136742,
    "erbbands_crest": {
        "dmean": 2.51276564598,
        "dmean2": 3.93648982048,
        "dvar": 6.20602464676,
        "dvar2": 14.4957027435,
        "max": 27.4680709839,
        "mean": 10.0899353027,
        "median": 9.07033157349,
        "min": 2.60010409355,
        "var": 23.469871521
    },
    "erbbands_flatness_db": {
        "dmean": 0.0148141067475,
        "dmean2": 0.0211673267186,
        "dvar": 0.000190898630535,
        "dvar2": 0.000387599051464,
        "max": 0.288059800863,
        "mean": 0.185791403055,
        "median": 0.186718866229,
        "min": 0.0726392418146,
        "var": 0.00103101122659
    },
    "erbbands_kurtosis": {
        "dmean": 1.20750725269,
        "dmean2": 1.85671341419,
        "dvar": 2.49662899971,
        "dvar2": 5.53344917297,
        "max": 24.3502464294,
        "mean": 1.63699686527,
        "median": 0.668947219849,
        "min": -1.72699677944,
        "var": 9.7443561554
    },
    "erbbands_skewness": {
        "dmean": 0.350065618753,
        "dmean2": 0.540374517441,
        "dvar": 0.117195919156,
        "dvar2": 0.26139241457,
        "max": 3.7698032856,
        "mean": 1.01183879375,
        "median": 0.983769774437,
        "min": -1.08017015457,
        "var": 0.603462815285
    },
    "erbbands_spread": {
        "dmean": 7.83891630173,
        "dmean2": 11.6236219406,
        "dvar": 80.5911560059,
        "dvar2": 151.70098877,
        "max": 117.504943848,
        "mean": 36.6796150208,
        "median": 32.9640197754,
        "min": 6.38461208344,
        "var": 345.237457275
    },
    "hfc": {
        "dmean": 4.03433609009,
        "dmean2": 6.33003854752,
        "dvar": 53.3970794678,
        "dvar2": 135.25479126,
        "max": 107.779052734,
        "mean": 17.9098987579,
        "median": 13.937417984,
        "min": 1.48543921608e-09,
        "var": 263.828460693
    },
    "melbands_crest": {
        "dmean": 2.61086916924,
        "dmean2": 4.3643746376,
        "dvar": 5.99636983871,
        "dvar2": 16.5263252258,
        "max": 38.2570343018,
        "mean": 12.3144817352,
        "median": 11.834690094,
        "min": 2.61431670189,
        "var": 12.8184041977
    },
    "melbands_flatness_db": {
        "dmean": 0.0236376784742,
        "dmean2": 0.0361215062439,
        "dvar": 0.000530566263478,
        "dvar2": 0.00118465872947,
        "max": 0.455784857273,
        "mean": 0.233873620629,
        "median": 0.227398097515,
        "min": 0.0801601558924,
        "var": 0.00354360812344
    },
    "melbands_kurtosis": {
        "dmean": 4.93339109421,
        "dmean2": 7.78492879868,
        "dvar": 34.0612182617,
        "dvar2": 78.2431030273,
        "max": 119.809638977,
        "mean": 13.199133873,
        "median": 11.3090305328,
        "min": 0.0467884540558,
        "var": 99.4455718994
    },
    "melbands_skewness": {
        "dmean": 0.557773411274,
        "dmean2": 0.868678331375,
        "dvar": 0.295401185751,
        "dvar2": 0.684877812862,
        "max": 9.98270797729,
        "mean": 2.5292289257,
        "median": 2.45697498322,
        "min": 0.249835699797,
        "var": 1.20817792416
    },
    "melbands_spread": {
        "dmean": 3.60917043686,
        "dmean2": 5.82833194733,
        "dvar": 29.3993186951,
        "dvar2": 74.7551269531,
        "max": 77.959197998,
        "mean": 14.3666343689,
        "median": 12.2508478165,
        "min": 1.67118060589,
        "var": 85.016708374
    },
    "pitch_salience": {
        "dmean": 0.0676877498627,
        "dmean2": 0.111430771649,
        "dvar": 0.00356818060391,
        "dvar2": 0.00979750324041,
        "max": 0.972853422165,
        "mean": 0.568769335747,
        "median": 0.568086147308,
        "min": 0.0421003736556,
        "var": 0.00979832932353
    },
    "silence_rate_20dB": {
        "dmean": 0,
        "dmean2": 0,
        "dvar": 0,
        "dvar2": 0,
        "max": 1,
        "mean": 1,
        "median": 1,
        "min": 1,
        "var": 0
    },
    "silence_rate_30dB": {
        "dmean": 0,
        "dmean2": 0,
        "dvar": 0,
        "dvar2": 0,
        "max": 1,
        "mean": 1,
        "median": 1,
        "min": 1,
        "var": 0
    },
    "silence_rate_60dB": {
        "dmean": 0.00927357003093,
        "dmean2": 0.0185614842921,
        "dvar": 0.00918741803616,
        "dvar2": 0.0213103536516,
        "max": 1,
        "mean": 0.0849420875311,
        "median": 0,
        "min": 0,
        "var": 0.0777255743742
    },
    "spectral_centroid": {
        "dmean": 176.315475464,
        "dmean2": 274.13949585,
        "dvar": 112297.226562,
        "dvar2": 160880.421875,
        "max": 11235.3261719,
        "mean": 870.644287109,
        "median": 779.718444824,
        "min": 209.13117981,
        "var": 258973.0625
    },
    "spectral_complexity": {
        "dmean": 2.80525493622,
        "dmean2": 4.48723888397,
        "dvar": 11.6637601852,
        "dvar2": 25.5815925598,
        "max": 46,
        "mean": 15.2996139526,
        "median": 15,
        "min": 0,
        "var": 64.1141738892
    },
    "spectral_decrease": {
        "dmean": 1.88726545503e-09,
        "dmean2": 3.09198733284e-09,
        "dvar": 5.61569815935e-18,
        "dvar2": 1.52077585752e-17,
        "max": -2.04198271304e-19,
        "mean": -8.28796320462e-09,
        "median": -8.30187030232e-09,
        "min": -3.71803423604e-08,
        "var": 2.48866055401e-17
    },
    "spectral_energy": {
        "dmean": 0.00733288144693,
        "dmean2": 0.0119914505631,
        "dvar": 8.39652420837e-05,
        "dvar2": 0.000227540382184,
        "max": 0.143717378378,
        "mean": 0.0329051651061,
        "median": 0.0330532118678,
        "min": 9.05425094708e-13,
        "var": 0.000394575210521
    },
    "spectral_energyband_high": {
        "dmean": 0.000332807336235,
        "dmean2": 0.000518006272614,
        "dvar": 7.80130847033e-07,
        "dvar2": 1.80485710644e-06,
        "max": 0.0128406919539,
        "mean": 0.000674923008773,
        "median": 0.00025226076832,
        "min": 7.23542048758e-14,
        "var": 2.02390720005e-06
    },
    "spectral_energyband_low": {
        "dmean": 0.00519867893308,
        "dmean2": 0.00873528979719,
        "dvar": 5.44374961464e-05,
        "dvar2": 0.000159088202054,
        "max": 0.111411169171,
        "mean": 0.0122935501859,
        "median": 0.0118771754205,
        "min": 8.32179445254e-14,
        "var": 8.02943759481e-05
    },
    "spectral_energyband_middle_high": {
        "dmean": 0.000968223728705,
        "dmean2": 0.0014522257261,
        "dvar": 2.33388527704e-06,
        "dvar2": 5.30565785084e-06,
        "max": 0.027129933238,
        "mean": 0.00357174267992,
        "median": 0.00184889778029,
        "min": 4.16511849967e-13,
        "var": 2.05557680601e-05
    },
    "spectral_energyband_middle_low": {
        "dmean": 0.00446129450575,
        "dmean2": 0.00707196258008,
        "dvar": 3.11567528115e-05,
        "dvar2": 7.41041803849e-05,
        "max": 0.0747057199478,
        "mean": 0.0178782716393,
        "median": 0.014972737059,
        "min": 3.40453603894e-13,
        "var": 0.000183015872608
    },
    "spectral_entropy": {
        "dmean": 0.168950796127,
        "dmean2": 0.237120568752,
        "dvar": 0.0294585376978,
        "dvar2": 0.0542607195675,
        "max": 9.80153179169,
        "mean": 7.31964111328,
        "median": 7.3570394516,
        "min": 5.94188404083,
        "var": 0.197557583451
    },
    "spectral_flux": {
        "dmean": 0.0198431052268,
        "dmean2": 0.0316553786397,
        "dvar": 0.000436240632553,
        "dvar2": 0.000986055121757,
        "max": 0.327123463154,
        "mean": 0.0760859772563,
        "median": 0.0734975710511,
        "min": 0.000151640386321,
        "var": 0.00186708511319
    },
    "spectral_kurtosis": {
        "dmean": 2.02696657181,
        "dmean2": 3.32385587692,
        "dvar": 5.24385023117,
        "dvar2": 13.2192649841,
        "max": 38.9468574524,
        "mean": 4.09162855148,
        "median": 3.13386392593,
        "min": -1.18582379818,
        "var": 15.2886133194
    },
    "spectral_rms": {
        "dmean": 0.000600198225584,
        "dmean2": 0.000975241768174,
        "dvar": 4.10735850664e-07,
        "dvar2": 1.10512007723e-06,
        "max": 0.0118411183357,
        "mean": 0.00528267491609,
        "median": 0.00567864766344,
        "min": 2.97210629441e-08,
        "var": 4.19593197876e-06
    },
    "spectral_rolloff": {
        "dmean": 247.747680664,
        "dmean2": 433.727722168,
        "dvar": 465994.125,
        "dvar2": 1098881.375,
        "max": 7881.15234375,
        "mean": 800.65447998,
        "median": 495.263671875,
        "min": 21.533203125,
        "var": 934959.0625
    },
    "spectral_skewness": {
        "dmean": 0.271612614393,
        "dmean2": 0.423185050488,
        "dvar": 0.0697525143623,
        "dvar2": 0.157679870725,
        "max": 4.56903791428,
        "mean": 1.5664075613,
        "median": 1.48989367485,
        "min": 0.00528556108475,
        "var": 0.359281480312
    },
    "spectral_spread": {
        "dmean": 477836.40625,
        "dmean2": 652273.875,
        "dvar": 1.36151669146e+12,
        "dvar2": 1.03977536717e+12,
        "max": 40625076,
        "mean": 4126383.5,
        "median": 3939236,
        "min": 1657240.5,
        "var": 2.91659972608e+12
    },
    "spectral_strongpeak": {
        "dmean": 0.457393348217,
        "dmean2": 0.779696702957,
        "dvar": 0.493747115135,
        "dvar2": 1.22293412685,
        "max": 7.33192539215,
        "mean": 0.93054074049,
        "median": 0.358583152294,
        "min": 0,
        "var": 1.26743412018
    },
    "zerocrossingrate": {
        "dmean": 0.00739138573408,
        "dmean2": 0.0090349027887,
        "dvar": 0.00023689281079,
        "dvar2": 0.000262335204752,
        "max": 0.49462890625,
        "mean": 0.0404564589262,
        "median": 0.0361328125,
        "min": 0.00048828125,
        "var": 0.000686571002007
    },
    "barkbands": {
        "dmean": [0.000199720190722, 0.00372730847448, 0.00194323703181, 0.0012649964774, 0.00190253916662, 0.00101185333915, 0.00222182576545, 0.00120506971143, 0.000460425944766, 0.000338202604325, 0.000309730588924, 0.000198818990611, 0.000181371724466, 0.00018907552294, 0.000187916011782, 0.000104073085822, 0.000154617766384, 0.000120891723782, 6.98163858033e-05, 8.32318692119e-05, 7.61189512559e-05, 8.16496976768e-05, 9.10493617994e-05, 9.77744857664e-05, 2.02040937438e-05, 1.31130517556e-09, 1.3827281542e-09],
        "dmean2": [0.000347109540598, 0.00631116423756, 0.00328292162158, 0.00215716660023, 0.0030851282645, 0.00156444311142, 0.00340239936486, 0.00177029171027, 0.000689027074259, 0.000491560611408, 0.00046091657714, 0.000290239899186, 0.000267620489467, 0.000290944211883, 0.000286439171759, 0.000158685434144, 0.000251730292803, 0.000190746388398, 0.000113932299428, 0.000131785214762, 0.000124063561088, 0.000128951287479, 0.000134376590722, 0.000155103887664, 3.3357184293e-05, 2.44166464825e-09, 2.57450016861e-09],
        "dvar": [1.70112201658e-07, 2.46261861321e-05, 1.02745889308e-05, 4.4383596105e-06, 7.02713032297e-06, 3.2011755593e-06, 1.8958491637e-05, 6.81727533447e-06, 1.22641881717e-06, 8.41675841912e-07, 5.03154865328e-07, 2.08935944102e-07, 2.64334516942e-07, 2.68701739969e-07, 5.3853858617e-07, 1.3283862188e-07, 1.03402491902e-07, 6.25103240282e-08, 3.65178358663e-08, 5.56773080973e-08, 4.74233772252e-08, 4.55397142218e-08, 7.48874739998e-08, 1.24164543536e-07, 5.22183452034e-09, 3.36043178505e-18, 3.68745495189e-18],
        "dvar2": [4.9661423418e-07, 7.31481559342e-05, 2.96815032925e-05, 1.15356087917e-05, 1.72668696905e-05, 6.93826177667e-06, 4.0616854676e-05, 1.30250600705e-05, 2.57262945524e-06, 1.40426334383e-06, 9.40088000334e-07, 3.96962605009e-07, 5.0088806347e-07, 5.37756136509e-07, 1.29186560116e-06, 3.07081279516e-07, 2.55081943124e-07, 1.23516315398e-07, 9.6759833923e-08, 1.16317927734e-07, 1.24789025335e-07, 1.13451108064e-07, 1.46841998117e-07, 3.06211205725e-07, 1.33367148436e-08, 1.06150036601e-17, 1.16417176072e-17],
        "max": [0.00608782377094, 0.0759120583534, 0.0337368696928, 0.0245349705219, 0.0372254401445, 0.0363632254303, 0.0593267790973, 0.0339332967997, 0.0197456032038, 0.0189664792269, 0.0149420294911, 0.00946748815477, 0.0119573371485, 0.0114247621968, 0.0175943467766, 0.00728923920542, 0.00852749403566, 0.00692942691967, 0.00303243217058, 0.00506833102554, 0.00287657580338, 0.00302584678866, 0.00513502815738, 0.00605853367597, 0.00126727425959, 1.53572763395e-08, 1.60037956221e-08],
        "mean": [0.000265468581347, 0.00721887126565, 0.00338585418649, 0.00222824676894, 0.00393704650924, 0.00239860126749, 0.0052679060027, 0.00286899367347, 0.00101374764927, 0.000641918857582, 0.000633962801658, 0.0004344623012, 0.000380634563044, 0.000348294357536, 0.000304801535094, 0.000188968435396, 0.000304559769575, 0.000215425345232, 0.000109011984023, 0.000145867030369, 0.000111657209345, 0.000133910521981, 0.000163462696946, 0.000173099586391, 3.04006152874e-05, 1.04413333535e-09, 1.09547337868e-09],
        "median": [0.00011240169988, 0.00629241578281, 0.00234086276032, 0.00148067972623, 0.00269798422232, 0.00172584515531, 0.0025596502237, 0.000330284732627, 0.000334210402798, 0.000112555710075, 0.000226774078328, 0.000152180364239, 0.000111406108772, 9.11357055884e-05, 9.26256834646e-05, 7.04799604136e-05, 0.000130740838358, 0.000111642264528, 5.29311291757e-05, 5.59002255613e-05, 4.27813720307e-05, 5.18491833645e-05, 4.55406116089e-05, 3.67204593203e-05, 5.20266985404e-06, 3.528703163e-10, 3.81605802513e-10],
        "min": [2.38400590908e-14, 3.5715452541e-14, 2.37422149269e-14, 2.36561360507e-14, 5.85931449843e-14, 5.74739230817e-14, 5.59310356276e-14, 5.39613214951e-14, 7.14401275767e-14, 6.56789618352e-14, 5.89950587297e-14, 6.50038833525e-14, 5.73904598432e-14, 4.61611611023e-14, 3.61237156453e-14, 2.63856217962e-14, 2.24808185441e-14, 2.5003900995e-14, 1.94957575474e-14, 5.42346259929e-15, 1.61379597023e-14, 1.17731921488e-14, 1.21216191517e-14, 7.98240037844e-15, 8.26208303433e-15, 1.22967722244e-15, 1.27100395994e-15],
        "var": [2.09779145166e-07, 3.58894722012e-05, 1.2682077795e-05, 6.49997491564e-06, 1.84629025171e-05, 7.02649504092e-06, 6.70093868393e-05, 3.57397657353e-05, 4.03092735723e-06, 2.69069437309e-06, 2.1937182737e-06, 9.04089915821e-07, 1.20272602544e-06, 7.98711425887e-07, 1.1782196907e-06, 3.32450696305e-07, 2.91068147362e-07, 1.63012131793e-07, 4.15034655532e-08, 1.12966773713e-07, 5.30592032533e-08, 7.15892696235e-08, 1.94931260467e-07, 2.67368335471e-07, 8.98653240711e-09, 2.76222572619e-18, 3.0251831342e-18]
    },
    "erbbands": {
        "dmean": [0.0791957825422, 0.94254386425, 2.13385272026, 3.62680077553, 3.79374146461, 8.37937068939, 8.91744327545, 7.20594596863, 24.9937534332, 32.8356513977, 21.2567424774, 9.85335254669, 8.65676116943, 11.6795988083, 8.1672296524, 7.17144918442, 7.75396823883, 8.34703636169, 7.51684236526, 9.21218776703, 5.59858798981, 9.5484418869, 7.25003242493, 3.39151787758, 3.98417282104, 3.71099948883, 3.12336969376, 2.94497799873, 2.70212936401, 3.0388276577, 2.67427158356, 2.14217281342, 1.53790080547, 0.439474195242, 0.0118412319571, 0.000518674147315, 5.5729484302e-05, 1.03282700366e-05, 5.11405505677e-06, 8.47730916576e-06],
        "dmean2": [0.13317579031, 1.59168362617, 3.58287024498, 6.11549520493, 6.40108919144, 13.4495725632, 14.2197437286, 11.066368103, 39.0558662415, 48.4119873047, 31.5917797089, 14.9747667313, 12.6856012344, 17.9509658813, 12.0209531784, 10.5261631012, 11.6178159714, 13.2868738174, 11.6022520065, 14.5347909927, 8.41175460815, 15.5189304352, 11.6133441925, 5.47174692154, 6.56393432617, 5.88393115997, 4.97231435776, 4.85440254211, 4.33624458313, 4.75623607635, 3.93637871742, 3.44382309914, 2.37052083015, 0.701334774494, 0.0188278649002, 0.000817077700049, 8.73049211805e-05, 1.61725474754e-05, 8.12024063634e-06, 1.38472441904e-05],
        "dvar": [0.0205155611038, 1.52270948887, 10.7751636505, 32.9884109497, 33.746547699, 138.770217896, 263.594268799, 279.46395874, 3331.15039062, 3772.44970703, 1928.76989746, 550.397338867, 568.729919434, 696.941589355, 286.894683838, 294.79989624, 494.25769043, 600.853271484, 379.624725342, 1919.60083008, 474.159820557, 421.213104248, 235.891342163, 41.379825592, 129.615158081, 144.691467285, 66.3987350464, 80.417678833, 42.5016555786, 84.3574905396, 64.3243484497, 66.5046844482, 24.490852356, 2.27979397774, 0.00174186378717, 3.01849922835e-06, 3.19707176288e-08, 1.03043096278e-09, 8.68362187711e-11, 1.14346095093e-10],
        "dvar2": [0.060776989907, 4.54263687134, 31.5768661499, 89.7331390381, 92.163734436, 314.163085938, 620.249328613, 667.837341309, 7519.77978516, 7684.81494141, 4075.30932617, 1175.8458252, 1092.49597168, 1544.9329834, 565.190246582, 535.928161621, 1024.85754395, 1218.45227051, 910.994689941, 4541.37744141, 1084.30175781, 998.985900879, 441.573577881, 103.362251282, 343.27734375, 281.347229004, 170.963409424, 215.749038696, 107.155853271, 199.467681885, 126.451133728, 166.987030029, 56.0325508118, 5.60751628876, 0.00428976910189, 7.2343877946e-06, 7.48756008306e-08, 2.37625630284e-09, 2.13337070232e-10, 3.09635345142e-10],
        "max": [1.78670358658, 19.5203056335, 44.2873039246, 60.2235984802, 70.095451355, 212.465148926, 254.326248169, 433.934265137, 1053.93164062, 899.091430664, 683.498962402, 360.867706299, 438.36541748, 685.850830078, 346.123809814, 400.299957275, 449.141784668, 641.312316895, 305.116668701, 1050.97705078, 507.201507568, 598.123596191, 443.085754395, 76.2055587769, 186.563781738, 259.772216797, 103.38293457, 109.535438538, 79.8161010742, 170.26423645, 149.346847534, 128.046951294, 83.6405181885, 24.911283493, 0.679784238338, 0.0278593134135, 0.00275609525852, 0.000471123436, 0.000138780203997, 0.000161230796948],
        "mean": [0.168248727918, 1.74761533737, 3.92342543602, 6.7007060051, 7.19135808945, 16.9713745117, 20.522064209, 17.5797309875, 58.3769226074, 82.8997497559, 50.0676383972, 22.5344295502, 17.2956314087, 27.8366680145, 18.1792755127, 16.3234806061, 17.9882125854, 17.6834506989, 14.8517980576, 15.7835197449, 11.9016046524, 19.4023189545, 13.8426885605, 6.1144528389, 6.70764446259, 6.45343017578, 4.94300556183, 4.14784574509, 4.42341423035, 5.29172134399, 4.55058956146, 3.51752352715, 2.85588288307, 0.735230147839, 0.0201173648238, 0.000944312370848, 0.000114310292702, 2.20991223614e-05, 2.12232589547e-05, 3.92038127757e-05],
        "median": [0.112609393895, 1.5149307251, 3.10661506653, 4.59349298477, 5.63790035248, 10.0106639862, 13.4786376953, 12.6166315079, 31.3670539856, 28.007938385, 12.8382787704, 8.20134735107, 4.21225786209, 8.03386592865, 7.08422660828, 6.09606218338, 5.42080783844, 5.44692134857, 5.17882680893, 4.95326852798, 4.50996541977, 8.62791824341, 7.35440397263, 3.48577332497, 3.3187687397, 2.2493698597, 1.90398836136, 1.55986380577, 1.77267861366, 1.79086720943, 1.226136446, 0.790897369385, 0.600067436695, 0.144355356693, 0.00412206863984, 0.000228436067118, 3.91154280805e-05, 7.98978817329e-06, 1.83554075193e-05, 3.88382359233e-05],
        "min": [1.30239829338e-12, 7.25637822399e-12, 2.44498674778e-11, 5.91660956339e-11, 1.1888523499e-10, 2.10188144667e-10, 3.38787664589e-10, 5.09168096574e-10, 7.23666793156e-10, 9.81636993913e-10, 1.27840926734e-09, 1.60343416322e-09, 1.93815163918e-09, 2.25415441868e-09, 2.51151766051e-09, 2.66180522068e-09, 2.65676525224e-09, 2.46826159511e-09, 2.11815098794e-09, 1.70461034177e-09, 1.3884046135e-09, 1.29475608013e-09, 1.34832722765e-09, 1.23105725613e-09, 7.31912030982e-10, 2.5568311357e-10, 4.18043322181e-10, 7.64695806676e-10, 4.75613493034e-10, 2.68369659828e-10, 3.68520797212e-10, 2.5088364719e-10, 8.74231034786e-11, 9.83349512929e-11, 5.5949394423e-11, 3.0143543911e-11, 1.33813871442e-11, 4.61937042437e-12, 1.04594349674e-12, 1.04444495316e-13],
        "var": [0.0321319364011, 2.14124703407, 13.4253606796, 48.8710746765, 47.7048721313, 481.793762207, 556.257507324, 497.548736572, 9397.06835938, 18673.3496094, 7139.59130859, 1841.3293457, 1690.28955078, 4443.54541016, 1229.49060059, 1176.24890137, 2335.42871094, 2066.74780273, 864.73260498, 4016.28930664, 1436.50915527, 1347.57312012, 634.391052246, 70.2517852783, 152.240325928, 293.703369141, 96.5687713623, 82.0865325928, 68.8471069336, 155.965209961, 163.798141479, 123.329986572, 65.7241287231, 4.69534397125, 0.00352746411227, 6.94233949616e-06, 8.09118816392e-08, 2.75586553578e-09, 3.42070427539e-10, 5.89721604882e-10]
    },
    "gfcc": {
        "mean": [-36.0643959045, 149.425064087, -126.115188599, 59.9387359619, -77.3047103882, 17.6030216217, -35.7650375366, -2.29189491272, 3.5483880043, -18.108959198, 14.563495636, -17.4058437347, 3.25156068802],
        "cov": [[9707.30175781, -881.34967041, -634.651489258, 382.409057617, -428.660949707, 189.437835693, -320.812561035, 169.243606567, 58.2172279358, 66.521736145, -229.900360107, -63.7966270447, -46.0643157959], [-881.34967041, 709.53338623, 93.31690979, -148.369812012, 213.937332153, -182.867599487, 136.593170166, -97.7149963379, 12.743894577, -79.8613357544, 60.7383117676, -17.237663269, 25.8478946686], [-634.651489258, 93.31690979, 367.635925293, -6.85883235931, 19.57954216, -19.346736908, -34.7801208496, 9.42303276062, -8.39513683319, -26.2875385284, 9.42460727692, -4.01170921326, 9.82783031464], [382.409057617, -148.369812012, -6.85883235931, 239.62461853, 10.8769636154, -36.662902832, -28.4015922546, -29.1211910248, 15.3793640137, 32.0567359924, -23.5956268311, 21.3437290192, 19.4563941956], [-428.660949707, 213.937332153, 19.57954216, 10.8769636154, 203.397720337, -58.5461730957, 51.4280815125, -42.685710907, 0.256173700094, 4.46724891663, 21.5340099335, -3.64560675621, 26.6697673798], [189.437835693, -182.867599487, -19.346736908, -36.662902832, -58.5461730957, 185.468948364, 5.67817258835, 47.0606460571, -42.0744018555, 5.19244623184, -2.92011928558, -1.49979066849, -14.8592939377], [-320.812561035, 136.593170166, -34.7801208496, -28.4015922546, 51.4280815125, 5.67817258835, 139.832458496, -14.0131816864, -23.2894077301, -19.5898227692, 17.0820541382, -0.0704021155834, 2.66584467888], [169.243606567, -97.7149963379, 9.42303276062, -29.1211910248, -42.685710907, 47.0606460571, -14.0131816864, 103.588035583, 22.5067901611, 1.51250016689, -10.8194103241, -12.7958669662, -9.87135219574], [58.2172279358, 12.743894577, -8.39513683319, 15.3793640137, 0.256173700094, -42.0744018555, -23.2894077301, 22.5067901611, 115.652763367, 24.638261795, -18.0823020935, -0.347783565521, -6.25400829315], [66.521736145, -79.8613357544, -26.2875385284, 32.0567359924, 4.46724891663, 5.19244623184, -19.5898227692, 1.51250016689, 24.638261795, 79.7446365356, 17.1315135956, -7.51850032806, -0.149194076657], [-229.900360107, 60.7383117676, 9.42460727692, -23.5956268311, 21.5340099335, -2.92011928558, 17.0820541382, -10.8194103241, -18.0823020935, 17.1315135956, 73.0819625854, 19.736120224, -3.71546530724], [-63.7966270447, -17.237663269, -4.01170921326, 21.3437290192, -3.64560675621, -1.49979066849, -0.0704021155834, -12.7958669662, -0.347783565521, -7.51850032806, 19.736120224, 59.4262962341, 15.4182415009], [-46.0643157959, 25.8478946686, 9.82783031464, 19.4563941956, 26.6697673798, -14.8592939377, 2.66584467888, -9.87135219574, -6.25400829315, -0.149194076657, -3.71546530724, 15.4182415009, 47.1664276123]],
        "icov": [[0.000172675368958, -0.000354096991941, 0.000380868907087, -0.000489801692311, 0.000355475291144, -0.00029876633198, 0.000530910969246, -0.000425527308835, 0.000246652838541, -0.000209564939723, 0.000443885510322, -8.55332814353e-07, 0.000138477087603], [-0.000354096991941, 0.010159178637, -0.00219227396883, 0.00595078244805, -0.00527690397575, 0.00586217129603, -0.00602887524292, 0.00702066160738, -0.00622319988906, 0.0102524468675, -0.00929406750947, 0.00730213616043, -0.00518231512979], [0.000380868907087, -0.00219227396883, 0.00414250511676, -0.00203678919934, 0.00103607610799, -0.00137111637741, 0.00320442579687, -0.00236058863811, 0.00134206784423, -2.28487333516e-05, 0.000692916335538, 6.57045966364e-05, 6.84339611325e-05], [-0.000489801692311, 0.00595078244805, -0.00203678919934, 0.00970671512187, -0.00370430201292, 0.0047982330434, -0.00374683365226, 0.00524176564068, -0.00260995980352, 0.0017614668468, -0.00135613163002, -8.31562829262e-06, -0.00284875044599], [0.000355475291144, -0.00527690397575, 0.00103607610799, -0.00370430201292, 0.0101488018408, -0.00201502488926, 0.0010153921321, -0.00182779028546, 0.00216090562753, -0.00514927133918, 0.00241563376039, -0.000593250151724, -0.00160766788758], [-0.00029876633198, 0.00586217129603, -0.00137111637741, 0.0047982330434, -0.00201502488926, 0.0119542237371, -0.00471068406478, 0.0001126668285, 0.00133395835292, 0.00207852199674, -0.00230347481556, 0.000870323623531, -0.000285190530121], [0.000530910969246, -0.00602887524292, 0.00320442579687, -0.00374683365226, 0.0010153921321, -0.00471068406478, 0.0136008476838, -0.00408766884357, 0.00410310085863, -0.00244316551834, 0.00320366839878, -0.00257348548621, 0.00264783436432], [-0.000425527308835, 0.00702066160738, -0.00236058863811, 0.00524176564068, -0.00182779028546, 0.0001126668285, -0.00408766884357, 0.0189079064876, -0.00915122963488, 0.00849245674908, -0.00767256040126, 0.00841789599508, -0.00521883694455], [0.000246652838541, -0.00622319988906, 0.00134206784423, -0.00260995980352, 0.00216090562753, 0.00133395835292, 0.00410310085863, -0.00915122963488, 0.0179624333978, -0.0132138999179, 0.0127591211349, -0.0102413678542, 0.00819232314825], [-0.000209564939723, 0.0102524468675, -2.28487333516e-05, 0.0017614668468, -0.00514927133918, 0.00207852199674, -0.00244316551834, 0.00849245674908, -0.0132138999179, 0.0318764522672, -0.0210837237537, 0.0172313693911, -0.010008004494], [0.000443885510322, -0.00929406750947, 0.000692916335538, -0.00135613163002, 0.00241563376039, -0.00230347481556, 0.00320366839878, -0.00767256040126, 0.0127591211349, -0.0210837237537, 0.033880148083, -0.0204744376242, 0.0130502553657], [-8.55332814353e-07, 0.00730213616043, 6.57045966364e-05, -8.31562829262e-06, -0.000593250151724, 0.000870323623531, -0.00257348548621, 0.00841789599508, -0.0102413678542, 0.0172313693911, -0.0204744376242, 0.0336673632264, -0.0154177406803], [0.000138477087603, -0.00518231512979, 6.84339611325e-05, -0.00284875044599, -0.00160766788758, -0.000285190530121, 0.00264783436432, -0.00521883694455, 0.00819232314825, -0.010008004494, 0.0130502553657, -0.0154177406803, 0.0320374332368]]
    },
    "melbands": {
        "dmean": [0.000877319660503, 0.00114031159319, 0.000567975570448, 0.000437952694483, 0.000304099870846, 0.000181390554644, 0.000398145348299, 0.000341925275279, 0.000157616217621, 5.86883434153e-05, 4.55244953628e-05, 4.85767995997e-05, 3.13168602588e-05, 2.29610432143e-05, 2.12391969399e-05, 2.00403992494e-05, 1.79345825018e-05, 1.40930133057e-05, 1.58185266628e-05, 8.9468612714e-06, 6.91228569849e-06, 1.07061487142e-05, 8.64611774887e-06, 4.77981575386e-06, 2.77173808172e-06, 2.96321150017e-06, 3.4702100038e-06, 2.38935012931e-06, 2.12499116969e-06, 1.82201222287e-06, 1.79602034223e-06, 1.53194537234e-06, 1.76902369731e-06, 1.73263515535e-06, 1.68800920619e-06, 1.46288459746e-06, 1.35781192512e-06, 1.1419930388e-06, 9.79007381829e-07, 1.67784676819e-07],
        "dmean2": [0.00147524592467, 0.00193395488895, 0.000953566632234, 0.000720461073797, 0.000485357217258, 0.000282720575342, 0.000617960991804, 0.000504825497046, 0.000237989079324, 8.89798757271e-05, 6.68648281135e-05, 7.38383241696e-05, 4.61078925582e-05, 3.29767535732e-05, 3.13898854074e-05, 2.87107595796e-05, 2.79534633592e-05, 2.15499421756e-05, 2.38532775256e-05, 1.40470192491e-05, 1.03718930404e-05, 1.74424931174e-05, 1.34375068228e-05, 7.76812339609e-06, 4.54826067653e-06, 4.85345572088e-06, 5.7510806073e-06, 3.77297533305e-06, 3.40947462973e-06, 2.94868959827e-06, 3.00523811347e-06, 2.50795574175e-06, 2.8311137612e-06, 2.73023920272e-06, 2.48038168138e-06, 2.26052998187e-06, 2.23867050408e-06, 1.76637115601e-06, 1.54394138008e-06, 2.77922168834e-07],
        "dvar": [1.57972897341e-06, 2.73816294794e-06, 7.76799879532e-07, 3.72127772152e-07, 2.67687028099e-07, 1.41320626312e-07, 7.12363771527e-07, 3.79098082703e-07, 1.06777477527e-07, 1.99650589394e-08, 1.6003058434e-08, 1.16894316449e-08, 4.06616518234e-09, 2.91807000785e-09, 2.53659537819e-09, 4.39462066737e-09, 3.06351655155e-09, 1.53279655635e-09, 4.17477208359e-09, 1.19127752107e-09, 7.77349740133e-10, 5.91115656423e-10, 2.65484134676e-10, 9.20948317606e-11, 2.77344015809e-11, 8.25074453203e-11, 6.81765061072e-11, 6.73063688117e-11, 2.93998818346e-11, 2.83181863375e-11, 3.5170241719e-11, 1.3039288399e-11, 2.47393078245e-11, 2.79812492621e-11, 2.55006918359e-11, 2.25240572721e-11, 3.05945165036e-11, 1.37936016775e-11, 9.85814381516e-12, 4.63006694616e-13],
        "dvar2": [4.68595590064e-06, 8.03817420092e-06, 2.11576571019e-06, 9.17314991966e-07, 6.35770788904e-07, 3.2192841104e-07, 1.56842372689e-06, 7.53898575567e-07, 2.33395098803e-07, 4.14500682666e-08, 3.03051770345e-08, 2.48079992105e-08, 7.22435578027e-09, 5.58625679048e-09, 4.60050708639e-09, 7.63080798549e-09, 5.81485481987e-09, 3.50916073977e-09, 1.01592041446e-08, 2.60204569003e-09, 1.70815461775e-09, 1.48871304173e-09, 5.43748990278e-10, 1.99849720106e-10, 7.06600541966e-11, 2.20819224017e-10, 1.6279821935e-10, 1.31533270387e-10, 7.56813778313e-11, 7.43062347763e-11, 9.79326134076e-11, 3.36581422455e-11, 5.8981132478e-11, 6.62008087238e-11, 5.22822514448e-11, 5.09250142056e-11, 8.06836819578e-11, 3.17911599823e-11, 2.3950008643e-11, 1.17560388507e-12],
        "max": [0.0175025388598, 0.0253373775631, 0.00833064410836, 0.00967965926975, 0.00675839930773, 0.00861171167344, 0.0138972112909, 0.00901133939624, 0.00458277622238, 0.00218876288272, 0.00220822263509, 0.0027794749476, 0.00153203494847, 0.00113870785572, 0.00121045031119, 0.00161067990121, 0.00146481883712, 0.000637644960079, 0.0015471864026, 0.000654264062177, 0.000681567995343, 0.000741674855817, 0.000427803752245, 0.000213331237319, 6.62352758809e-05, 0.000152988257469, 0.000117475843581, 0.000197744797333, 6.18889025645e-05, 8.6437939899e-05, 9.10227536224e-05, 4.02824080084e-05, 8.47422488732e-05, 0.000104327664303, 9.94713554974e-05, 8.61246080603e-05, 8.84265318746e-05, 6.99301672284e-05, 4.34417124779e-05, 1.26798058773e-05],
        "mean": [0.00181762431748, 0.00223577022552, 0.00111602118704, 0.000874450197443, 0.000720603973605, 0.000448840641184, 0.000950857123826, 0.000882540538441, 0.000366312888218, 0.000126645230921, 8.4324463387e-05, 0.000111951754661, 6.55411495245e-05, 4.83008552692e-05, 3.98386728193e-05, 4.0633854951e-05, 3.29565955326e-05, 2.41923171416e-05, 2.49692693615e-05, 1.47250339069e-05, 1.30195339807e-05, 2.04513380595e-05, 1.60387753567e-05, 8.40950451675e-06, 4.50071956948e-06, 4.34444791608e-06, 5.61762317375e-06, 3.89502019971e-06, 3.21894935951e-06, 2.60804858954e-06, 2.31308740695e-06, 2.34506205743e-06, 2.85540113509e-06, 2.96552138934e-06, 2.66828510576e-06, 2.35072116084e-06, 2.07676089303e-06, 2.10091161534e-06, 1.61582386227e-06, 2.54525986065e-07],
        "median": [0.0014850278385, 0.00209744670428, 0.000834507925902, 0.000582346401643, 0.000488774385303, 0.000323544285493, 0.000488584279083, 0.000262680026935, 8.7379165052e-05, 3.97640142182e-05, 1.72041509359e-05, 2.99788680422e-05, 2.67767936748e-05, 1.57952799782e-05, 1.41116815939e-05, 1.0488267435e-05, 9.46552427195e-06, 7.24537585484e-06, 7.65067488828e-06, 5.3130111155e-06, 4.76864124721e-06, 8.35405262478e-06, 8.07825290394e-06, 4.56380575997e-06, 2.37516724155e-06, 1.98379871108e-06, 2.40495364778e-06, 1.0421231309e-06, 1.01849286693e-06, 1.01225418803e-06, 7.64822118526e-07, 9.58795340011e-07, 9.24408141145e-07, 9.3493906661e-07, 6.57501573187e-07, 5.66726043871e-07, 4.05855388408e-07, 4.20511867105e-07, 2.97226108614e-07, 4.49269172975e-08],
        "min": [1.19102962898e-14, 1.18833775827e-14, 1.18292394719e-14, 1.17469392097e-14, 1.16230953695e-14, 1.14626114251e-14, 1.12465900715e-14, 1.09681762709e-14, 1.06232500552e-14, 1.01873465718e-14, 9.65779427866e-15, 9.02868173291e-15, 8.28446842106e-15, 7.43237784008e-15, 6.49368618705e-15, 5.48413514579e-15, 4.46152328e-15, 3.48310832284e-15, 2.62849273665e-15, 1.96886307611e-15, 1.54040744749e-15, 1.32967475582e-15, 1.25289778366e-15, 1.18051627721e-15, 9.94982815723e-16, 6.68859090343e-16, 3.15368577471e-16, 1.24416857974e-16, 1.94873984969e-16, 3.96550068021e-16, 4.65089221255e-16, 3.08623310005e-16, 1.40751570724e-16, 1.53966594956e-16, 2.20318616476e-16, 1.90331175219e-16, 1.42479848809e-16, 7.40445629894e-17, 2.61132680664e-17, 1.07557309051e-16],
        "var": [2.47098728323e-06, 3.31081287186e-06, 1.1610426327e-06, 1.05025287667e-06, 6.11848065546e-07, 3.10532300318e-07, 2.22627454605e-06, 2.18500008486e-06, 3.91991392235e-07, 6.95548152407e-08, 4.61951152886e-08, 7.1663748713e-08, 1.73977046103e-08, 1.17825846857e-08, 8.70432614875e-09, 1.92634157514e-08, 9.191835737e-09, 2.82748668923e-09, 8.76557049168e-09, 2.16189910418e-09, 2.16946416387e-09, 1.72890712857e-09, 7.04800606766e-10, 2.0030087311e-10, 4.2904936548e-11, 8.44292968871e-11, 1.0668488315e-10, 1.42926420699e-10, 4.60973065275e-11, 2.9760808401e-11, 3.15284742758e-11, 1.92324489667e-11, 3.95160779099e-11, 5.35849697947e-11, 5.85963014221e-11, 5.12741619996e-11, 4.7988991253e-11, 3.6611109977e-11, 2.17786361861e-11, 7.14661131922e-13]
    },
    "mfcc": {
        "mean": [-655.868164062, 139.634368896, 22.26836586, 26.0029296875, 5.55266094208, 4.51720046997, -8.00214290619, 6.62628269196, -7.06304502487, 2.34848284721, 1.52262604237, 9.46228790283, 2.26853704453],
        "cov": [[8365.55371094, -1046.11108398, -297.85836792, -33.8055686951, -83.606262207, 14.9225387573, -298.273223877, 35.1813240051, 36.5025482178, 153.790481567, -8.56247997284, 3.76492381096, -130.450897217], [-1046.11108398, 947.109619141, -54.0950241089, 66.9385452271, 30.9897823334, -37.4936561584, 76.0155487061, 11.6495380402, -21.5231361389, -39.0258979797, -0.482694596052, -27.9805107117, 11.5869445801], [-297.85836792, -54.0950241089, 317.04208374, -38.7751426697, 34.8739547729, -41.3368148804, -17.0158157349, 19.4170742035, -13.9391937256, 3.85081386566, -1.32182013988, -24.005147934, -11.8715114594], [-33.8055686951, 66.9385452271, -38.7751426697, 296.410888672, 32.6059837341, 27.158033371, -44.314201355, -45.1609916687, 18.1102027893, -33.4484863281, -46.1936531067, 27.8622817993, 33.8531303406], [-83.606262207, 30.9897823334, 34.8739547729, 32.6059837341, 131.706985474, -9.84501743317, -20.6591587067, -25.6238861084, 12.1030635834, 0.0167242698371, 0.471629172564, 0.490306407213, 9.87867641449], [14.9225387573, -37.4936561584, -41.3368148804, 27.158033371, -9.84501743317, 107.687660217, 29.6225700378, -6.33487176895, -2.95693349838, -8.19737243652, -13.8311071396, 6.28444385529, 7.75743293762], [-298.273223877, 76.0155487061, -17.0158157349, -44.314201355, -20.6591587067, 29.6225700378, 179.106231689, 12.6700153351, -25.1401348114, -9.25451755524, -4.44871711731, -13.0854196548, -7.06082296371], [35.1813240051, 11.6495380402, 19.4170742035, -45.1609916687, -25.6238861084, -6.33487176895, 12.6700153351, 102.442100525, 6.32922744751, -1.13134932518, 2.33553862572, -9.09947776794, -23.095697403], [36.5025482178, -21.5231361389, -13.9391937256, 18.1102027893, 12.1030635834, -2.95693349838, -25.1401348114, 6.32922744751, 85.4342422485, 15.5554561615, -0.118212141097, 1.79989087582, 0.261233389378], [153.790481567, -39.0258979797, 3.85081386566, -33.4484863281, 0.0167242698371, -8.19737243652, -9.25451755524, -1.13134932518, 15.5554561615, 88.3410415649, 18.6628170013, -13.3777971268, -17.9685020447], [-8.56247997284, -0.482694596052, -1.32182013988, -46.1936531067, 0.471629172564, -13.8311071396, -4.44871711731, 2.33553862572, -0.118212141097, 18.6628170013, 77.3865127563, 11.5147542953, -6.18520784378], [3.76492381096, -27.9805107117, -24.005147934, 27.8622817993, 0.490306407213, 6.28444385529, -13.0854196548, -9.09947776794, 1.79989087582, -13.3777971268, 11.5147542953, 77.6224441528, 28.6828422546], [-130.450897217, 11.5869445801, -11.8715114594, 33.8531303406, 9.87867641449, 7.75743293762, -7.06082296371, -23.095697403, 0.261233389378, -17.9685020447, -6.18520784378, 28.6828422546, 73.6754074097]],
